9.342964750944161567e-01
1.354609830626840594e+00
-1.985997308533118955e-01
-1.836962917242144222e+00
3.873961009788891019e-01
-4.691981213361398062e-01
1.015771266605750567e-01
1.698681354226341811e-01
5.268649043732283044e-01
-2.260200294804135535e+00
-1.019410181044412722e+00
1.508810837721182851e+00
9.682185632320053914e-01
6.498271686454772933e-01
1.136571570095121997e+00
2.346817905636670587e-01
-2.681101738884293928e-01
-3.481664105679386223e-01
-3.630282836628914156e-01
-1.655261793733886710e+00
1.348776298372747817e+00
5.193544722703360428e-01
1.598544758686805789e+00
6.129445198820098195e-01
-2.011615094096397272e+00
2.728557563879320802e-01
1.048728292436576504e-02
6.820424447908255416e-01
1.090212206507348958e+00
-1.946692557261782586e+00
-2.212390716774252919e-01
2.343157487431908326e-01
8.385254915624218430e-02
2.343157487431907215e-01
-2.212390716774252919e-01
-1.946692557261782142e+00
1.090212206507348958e+00
6.820424447908253196e-01
1.048728292436601484e-02
2.728557563879319137e-01
-2.011615094096397272e+00
6.129445198820099305e-01
1.598544758686805567e+00
5.193544722703360428e-01
1.348776298372747817e+00
-1.655261793733886933e+00
-3.630282836628916376e-01
-3.481664105679386223e-01
-2.681101738884293928e-01
2.346817905636668367e-01
1.136571570095122441e+00
6.498271686454775153e-01
9.682185632320055024e-01
1.508810837721183074e+00
-1.019410181044412722e+00
-2.260200294804135090e+00
5.268649043732283044e-01
1.698681354226340146e-01
1.015771266605750567e-01
-4.691981213361402503e-01
3.873961009788892129e-01
-1.836962917242144444e+00
-1.985997308533116734e-01
1.354609830626840150e+00
9.342964750944161567e-01
-1.105783278698357464e+00
1.312207620528243357e+00
4.957835855792473434e-01
-7.148149407968802382e-01
-1.192236527564810133e+00
1.151914538613522776e+00
-7.956357180793495187e-01
-5.650604466129893755e-01
-1.147380827970366113e+00
-3.319982963220358130e-02
2.899361798912120092e-01
1.704918292730984164e-01
2.822735753880770138e-01
-1.060726034989354805e+00
1.174058456560895802e+00
1.701243670636577165e-01
-2.756313132427253287e-01
-1.198996164035770251e+00
-2.130511920131233361e-01
1.563109234114244517e+00
1.344617786247717106e-01
-3.561933552455348040e-01
8.134732812727121232e-01
2.506585854029856897e-01
9.661147472744270326e-01
2.880447591749719649e-01
-6.962627844462513371e-01
-8.466237835612262508e-01
-7.298537242135573200e-01
-2.944159092320224325e-01
-3.713830988825803647e-01
-4.751644452187052670e-01
-1.321483685499682981e+00
4.033717570002109398e-01
-1.178384202948825177e+00
-3.419328488053583470e-01
-4.486625617882739059e-02
-6.337492976574850001e-01
-3.606387542630005716e-01
-2.533775298795056807e-01
-5.203425331883244631e-01
-9.552612914286887635e-01
1.534366379893332244e+00
-3.314118042181618540e-01
1.115319573414551790e+00
-2.230772929200182997e+00
1.084734694026235235e+00
-4.496328642511314699e-01
2.274585867659660199e+00
2.418554442868829923e-01
-1.011032668946056923e-01
-5.621012698629143101e-01
-1.181792188114505926e+00
-1.513285312360284518e+00
-3.632088499513592139e-01
-9.225117064192680516e-01
-1.188033485104448284e+00
1.006874386385805842e+00
4.402087927549458435e-01
6.567873157854655641e-01
-1.985933114044078351e-01
-2.278384739716977414e+00
2.193535719929140981e+00
-1.437411770031868929e+00
-1.207324366975060848e+00
-7.062939412463005162e-01
-7.580548405426869030e-01
-8.604566586720288068e-01
-1.524909859497189490e+00
8.302894981318601486e-01
-3.340726804908670799e-01
-3.617511072327142529e-01
-7.903532403823292363e-01
-1.476918479515871629e+00
1.612695392303874042e+00
5.931314555902539309e-01
-2.035233306958126320e+00
7.992606205207033465e-01
-5.277012595535450767e-01
-1.139832329904427732e-02
-1.113366326512622795e+00
4.479027327864933961e-01
5.594029076428788105e-01
-1.552511190217745973e+00
-1.144092109874863095e+00
-1.694529600912788148e+00
9.884879537701247720e-01
1.324331214714850047e+00
1.530115129039653632e-01
4.587470197195721022e-01
1.198422633808168491e+00
1.562224660779966579e+00
6.705395363624013783e-01
1.975219081896790962e+00
1.349968664278212716e+00
-1.034181439593652829e+00
1.349968664278212938e+00
1.975219081896790962e+00
6.705395363624013783e-01
1.562224660779966579e+00
1.198422633808168269e+00
4.587470197195720467e-01
1.530115129039651412e-01
1.324331214714850269e+00
9.884879537701248831e-01
-1.694529600912787926e+00
-1.144092109874863095e+00
-1.552511190217745973e+00
5.594029076428790326e-01
4.479027327864936181e-01
-1.113366326512622795e+00
-1.139832329904427732e-02
-5.277012595535450767e-01
7.992606205207037906e-01
-2.035233306958126320e+00
5.931314555902540420e-01
1.612695392303873820e+00
-1.476918479515871629e+00
-7.903532403823291252e-01
-3.617511072327141419e-01
-3.340726804908670244e-01
8.302894981318603707e-01
-1.524909859497189490e+00
-8.604566586720289179e-01
-7.580548405426872360e-01
-7.062939412463002942e-01
-1.207324366975060403e+00
-1.437411770031868929e+00
2.193535719929141425e+00
-2.278384739716977414e+00
-1.985933114044080017e-01
6.567873157854657862e-01
4.402087927549460655e-01
1.006874386385805398e+00
-1.188033485104448062e+00
-9.225117064192680516e-01
-3.632088499513593804e-01
-1.513285312360284518e+00
-1.181792188114505926e+00
-5.621012698629144211e-01
-1.011032668946056368e-01
2.418554442868829368e-01
2.274585867659660199e+00
-4.496328642511314699e-01
1.084734694026235235e+00
-2.230772929200183441e+00
1.115319573414552234e+00
-3.314118042181617430e-01
1.534366379893332244e+00
-9.552612914286888746e-01
-5.203425331883244631e-01
-2.533775298795057918e-01
-3.606387542630004051e-01
-6.337492976574852221e-01
-4.486625617882789019e-02
-3.419328488053583470e-01
-1.178384202948825177e+00
4.033717570002108843e-01
-1.321483685499682759e+00
-4.751644452187052670e-01
-3.713830988825801427e-01
-2.944159092320225990e-01
-7.298537242135578751e-01
-8.466237835612260287e-01
-6.962627844462518922e-01
2.880447591749721870e-01
9.661147472744271436e-01
2.506585854029854676e-01
8.134732812727123452e-01
-3.561933552455346375e-01
1.344617786247717106e-01
1.563109234114244739e+00
-2.130511920131235026e-01
-1.198996164035770029e+00
-2.756313132427257173e-01
1.701243670636577165e-01
1.174058456560895802e+00
-1.060726034989355249e+00
2.822735753880766252e-01
1.704918292730982499e-01
2.899361798912118982e-01
-3.319982963220347028e-02
-1.147380827970365669e+00
-5.650604466129893755e-01
-7.956357180793498518e-01
1.151914538613522776e+00
-1.192236527564809911e+00
-7.148149407968797941e-01
4.957835855792476210e-01
1.312207620528243357e+00
-1.105783278698356797e+00
9.342964750944161567e-01
1.354609830626840594e+00
-1.985997308533118955e-01
-1.836962917242144222e+00
3.873961009788891019e-01
-4.691981213361398062e-01
1.015771266605750567e-01
1.698681354226341811e-01
5.268649043732283044e-01
-2.260200294804135535e+00
-1.019410181044412722e+00
1.508810837721182851e+00
9.682185632320053914e-01
6.498271686454772933e-01
1.136571570095121997e+00
2.346817905636670587e-01
-2.681101738884293928e-01
-3.481664105679386223e-01
-3.630282836628914156e-01
-1.655261793733886710e+00
1.348776298372747817e+00
5.193544722703360428e-01
1.598544758686805789e+00
6.129445198820098195e-01
-2.011615094096397272e+00
2.728557563879320802e-01
1.048728292436576504e-02
6.820424447908255416e-01
1.090212206507348958e+00
-1.946692557261782586e+00
-2.212390716774252919e-01
2.343157487431908326e-01
-1.479749442706714158e+00
-4.381577909592780928e-01
-1.196334097265883412e-01
1.649930069374685893e+00
-8.779938553847355109e-02
-5.970136983323419688e-01
7.909156371036745181e-01
7.585468331857392332e-01
7.390150553857441906e-01
1.116790382668850556e+00
7.569100477827227502e-01
1.620990554837186126e+00
1.037680227233263253e+00
2.641631944806852594e-01
2.347280059698640287e+00
1.068079179369134213e+00
3.438937836568102258e-01
-2.915325311410851272e-01
3.086323332018664489e-02
3.854169569886622959e-02
-3.849261143873576319e-01
-2.428737263442839911e+00
-2.640027654147267810e-01
-3.579405645535623792e-01
2.398770687247495925e-01
-5.808963266147111337e-01
-8.635350205311691507e-01
-9.819098571548866561e-01
1.076210120163596518e-01
5.110852700334244103e-01
-7.433319209395382599e-01
-2.987959719003343562e-01
1.593198433968600281e+00
-2.987959719003343562e-01
-7.433319209395383709e-01
5.110852700334247434e-01
1.076210120163598738e-01
-9.819098571548869892e-01
-8.635350205311691507e-01
-5.808963266147113558e-01
2.398770687247495370e-01
-3.579405645535623792e-01
-2.640027654147270586e-01
-2.428737263442839911e+00
-3.849261143873577429e-01
3.854169569886600755e-02
3.086323332018636734e-02
-2.915325311410854048e-01
3.438937836568102258e-01
1.068079179369133991e+00
2.347280059698640287e+00
2.641631944806848709e-01
1.037680227233263253e+00
1.620990554837185904e+00
7.569100477827227502e-01
1.116790382668850556e+00
7.390150553857443017e-01
7.585468331857393443e-01
7.909156371036745181e-01
-5.970136983323417468e-01
-8.779938553847355109e-02
1.649930069374685893e+00
-1.196334097265880914e-01
-4.381577909592783149e-01
-1.479749442706714158e+00
1.328822528572899619e+00
-8.798255468097788690e-01
8.109893820659718200e-01
-1.364135383385529643e-01
-7.230886658508893783e-01
-1.077202704513894771e+00
-4.370207286593884577e-01
3.274723962592402393e-01
-1.328177206085672246e-01
1.044102650040035773e-01
6.445648330765645362e-01
9.205055851430623548e-01
-1.283931473584673855e+00
-1.792839746019316283e-01
-3.546403802125720484e-01
-1.254238989252341785e+00
1.289423813752688108e+00
1.201779703565110657e-01
1.261869130330702360e+00
2.584822193050267947e-01
-1.562225708162552351e-01
5.053294044668127372e-02
9.272687318512837784e-01
-6.637576944003020785e-02
-3.549191643016619269e-01
-2.028872644598714858e-01
-1.947553350905196545e+00
1.690092199379482407e+00
6.434522213662907664e-01
3.540041219862841704e-01
1.481063360365983961e+00
-1.313689936781126555e+00
-1.532763212210900727e+00
1.306536479378504589e+00
-4.642438483057239607e-01
9.387507546097265676e-01
-4.743440060249534129e-01
8.915004871273786158e-01
-7.526678502871447796e-01
-1.366569442938756929e+00
1.014700980280632603e+00
-7.553312753008766256e-01
-1.361725209727280728e+00
-9.249464332356224783e-02
4.750375054463419899e-01
-9.854314663742571589e-01
1.064604614246252856e-01
2.493667592181291859e+00
-1.555546719429926616e-01
4.574939933307900497e-01
-8.698758345057524544e-01
-5.570010063953316770e-01
8.355544347933573368e-01
1.068350983894156725e+00
-6.589520077333017589e-01
1.356237914073402107e-01
1.428298742289403067e-01
-7.035872126629525436e-01
-3.297315442754089609e-01
-1.094196398832100847e+00
-5.766051742173354810e-01
1.501531166477735324e-01
6.231976815197780573e-01
4.176171533943138225e-01
-1.702094059654161384e+00
-1.805298121718941495e-01
1.193067733513796247e-01
1.438200128105206144e+00
-9.226818552497981774e-01
-2.848654169684306403e+00
-1.702639917060657648e-01
-5.888381416267791657e-01
9.821266961447709942e-01
-1.018122305432366925e+00
1.727313487855937080e-01
-5.031938362627550454e-01
9.540806799660489501e-03
-9.311071337994780706e-01
-6.423414389802389879e-01
1.211762585288977068e+00
-6.167239561723821817e-01
-1.018551161931603666e+00
2.706606217617741450e+00
-1.934739745961263080e-01
1.539210584265220616e+00
-7.779381216715133274e-01
-5.756357838938422899e-01
-9.102535102144473922e-02
2.975569631077312760e-01
-8.116768183213476373e-01
-2.244791178968721823e+00
-1.105765250618076845e+00
-1.365367810096232759e+00
-3.294875887286224936e-01
5.522456021939211590e-01
3.382052815968431769e+00
5.522456021939212700e-01
-3.294875887286222160e-01
-1.365367810096232759e+00
-1.105765250618076845e+00
-2.244791178968722267e+00
-8.116768183213478594e-01
2.975569631077312205e-01
-9.102535102144468371e-02
-5.756357838938424010e-01
-7.779381216715133274e-01
1.539210584265220172e+00
-1.934739745961261970e-01
2.706606217617741450e+00
-1.018551161931603444e+00
-6.167239561723818486e-01
1.211762585288977068e+00
-6.423414389802388769e-01
-9.311071337994780706e-01
9.540806799660572768e-03
-5.031938362627549344e-01
1.727313487855942631e-01
-1.018122305432367147e+00
9.821266961447708832e-01
-5.888381416267792767e-01
-1.702639917060654318e-01
-2.848654169684306403e+00
-9.226818552497979553e-01
1.438200128105206144e+00
1.193067733513797357e-01
-1.805298121718941218e-01
-1.702094059654161384e+00
4.176171533943138225e-01
6.231976815197779462e-01
1.501531166477734214e-01
-5.766051742173355921e-01
-1.094196398832100847e+00
-3.297315442754092940e-01
-7.035872126629532097e-01
1.428298742289405565e-01
1.356237914073402107e-01
-6.589520077333018699e-01
1.068350983894156725e+00
8.355544347933574478e-01
-5.570010063953318991e-01
-8.698758345057526764e-01
4.574939933307902717e-01
-1.555546719429924396e-01
2.493667592181291859e+00
1.064604614246255077e-01
-9.854314663742571589e-01
4.750375054463420454e-01
-9.249464332356230334e-02
-1.361725209727280728e+00
-7.553312753008762925e-01
1.014700980280632603e+00
-1.366569442938756929e+00
-7.526678502871447796e-01
8.915004871273787268e-01
-4.743440060249533019e-01
9.387507546097266786e-01
-4.642438483057240717e-01
1.306536479378504367e+00
-1.532763212210901393e+00
-1.313689936781126555e+00
1.481063360365983739e+00
3.540041219862841704e-01
6.434522213662906553e-01
1.690092199379482185e+00
-1.947553350905196545e+00
-2.028872644598715969e-01
-3.549191643016619269e-01
-6.637576944003020785e-02
9.272687318512837784e-01
5.053294044668121821e-02
-1.562225708162552351e-01
2.584822193050267947e-01
1.261869130330702360e+00
1.201779703565111213e-01
1.289423813752688552e+00
-1.254238989252341785e+00
-3.546403802125720484e-01
-1.792839746019314062e-01
-1.283931473584673633e+00
9.205055851430621328e-01
6.445648330765648693e-01
1.044102650040037439e-01
-1.328177206085672801e-01
3.274723962592401283e-01
-4.370207286593883467e-01
-1.077202704513895215e+00
-7.230886658508892673e-01
-1.364135383385528533e-01
8.109893820659714869e-01
-8.798255468097787579e-01
1.328822528572899841e+00
-1.479749442706714158e+00
-4.381577909592780928e-01
-1.196334097265883412e-01
1.649930069374685893e+00
-8.779938553847355109e-02
-5.970136983323419688e-01
7.909156371036745181e-01
7.585468331857392332e-01
7.390150553857441906e-01
1.116790382668850556e+00
7.569100477827227502e-01
1.620990554837186126e+00
1.037680227233263253e+00
2.641631944806852594e-01
2.347280059698640287e+00
1.068079179369134213e+00
3.438937836568102258e-01
-2.915325311410851272e-01
3.086323332018664489e-02
3.854169569886622959e-02
-3.849261143873576319e-01
-2.428737263442839911e+00
-2.640027654147267810e-01
-3.579405645535623792e-01
2.398770687247495925e-01
-5.808963266147111337e-01
-8.635350205311691507e-01
-9.819098571548866561e-01
1.076210120163596518e-01
5.110852700334244103e-01
-7.433319209395382599e-01
-2.987959719003343562e-01
7.202808926485024799e-01
4.691066651932879195e-02
-4.454374056079009603e-01
-1.044879979510902501e+00
6.535701636617378130e-01
1.437537447416527225e+00
5.640781805193345599e-01
-1.244099512699903265e-01
-6.484475178967202824e-01
1.495181479850053341e+00
-3.004379910494108796e-01
6.877960229447384055e-01
8.902903979841194637e-01
1.334228014811555951e+00
4.021377632521741519e-01
2.662217294163941705e+00
-2.718207663917308059e-01
-5.254674255554332429e-01
1.658479697878078474e+00
-2.128004664372294408e-01
-1.132765093049518557e+00
8.086419816873794408e-01
-5.958254667604834243e-01
-1.622839422373231477e-01
-8.893825526623064803e-01
-3.451656692048626907e-01
-3.937970117510317669e-01
-6.027677533240938246e-01
5.353739111380564353e-01
1.668184225794293596e+00
1.405461989830133707e+00
-5.518581701116235250e-01
-4.192627457812104774e-01
-5.518581701116235250e-01
1.405461989830133707e+00
1.668184225794293152e+00
5.353739111380564353e-01
-6.027677533240936025e-01
-3.937970117510318779e-01
-3.451656692048625796e-01
-8.893825526623068134e-01
-1.622839422373232310e-01
-5.958254667604833132e-01
8.086419816873792188e-01
-1.132765093049518557e+00
-2.128004664372295796e-01
1.658479697878078030e+00
-5.254674255554332429e-01
-2.718207663917308059e-01
2.662217294163941261e+00
4.021377632521741519e-01
1.334228014811555951e+00
8.902903979841192417e-01
6.877960229447382945e-01
-3.004379910494109351e-01
1.495181479850053119e+00
-6.484475178967201714e-01
-1.244099512699904375e-01
5.640781805193343379e-01
1.437537447416527225e+00
6.535701636617378130e-01
-1.044879979510902723e+00
-4.454374056079006827e-01
4.691066651932879195e-02
7.202808926485024799e-01
-1.797286541325182618e+00
1.382390878159435177e+00
2.226191921603348500e-01
-1.553989790228506251e+00
-2.432056719885403506e+00
-1.944557316463087493e-01
-5.310087629138738885e-01
8.349001695560254177e-02
-2.297000065289084292e-01
1.134570488195836280e-01
2.585666835685351828e-01
4.638013665226988769e-01
1.916750161374508155e+00
1.625993306053387322e+00
1.865173583841819305e-01
-1.159996500988010881e+00
2.156475982772019684e+00
1.168175905627922395e+00
-1.429813016213558052e-01
-2.154269166199841656e+00
5.033809300383192964e-01
-1.099054791128351027e+00
3.044374908269602553e-01
-7.056154991318119851e-02
-1.448282817491458374e+00
6.094458192079545977e-01
-4.183605667210288370e-01
-3.704554863991342817e-01
1.390238075867447520e+00
-4.155857283608300201e-01
6.485226165547666177e-01
3.633610463437156879e-01
4.750350678410392713e-01
-1.122113145108645682e+00
-1.716165612810581997e+00
-8.619406928061748019e-01
-7.634038938570869570e-01
-2.198198080352806727e-01
7.366862761544492599e-01
-3.238069942924678424e-01
-2.744471932633352207e-01
1.512395050188171552e+00
-9.196483134951994876e-01
-2.038936317168555945e-01
1.394566035132448256e+00
-1.444639448969739393e+00
-4.465276464854109895e-01
-1.074425884124882158e+00
-5.998319033294441383e-01
5.854331921906532621e-01
1.412832673760716640e+00
7.151359566211412666e-01
-7.271708763430169142e-01
1.393798043610888215e-01
-3.453732372518317217e-02
2.515406923987792420e-01
-1.764890736622844347e+00
-2.059354264864058093e-01
-1.360810394951042390e+00
-2.565038314901698868e+00
1.159161115618330684e-01
-1.059668498220721622e+00
5.790438453688733222e-01
-1.335199586460944499e+00
-6.627986945195446511e-02
1.010923689446807106e-01
1.319889990680925163e+00
-1.678404369130276352e-01
-1.157771191983167469e+00
-1.177404847624530237e+00
-8.826640692438412206e-01
7.414479734341660189e-01
-1.638674170702264066e+00
-6.775377321737403591e-01
2.485471252059867908e-01
-6.442160353555628216e-01
-8.176375318583117835e-02
-6.404285876635189556e-01
-6.282169144763787294e-01
-6.523502262013448905e-02
-1.123826636675772539e+00
1.964186669871887947e-01
-6.042428967700610443e-01
5.006686209439665802e-01
1.818019241977082867e+00
2.766864947918124540e-01
-4.385514869051593267e-01
1.079326729726107104e+00
-6.473066919030149302e-01
1.355072258132683061e+00
-2.691830085989870280e-01
2.765073062198895482e+00
-2.448312247352855131e+00
1.368179150642196085e+00
1.545940531853025934e+00
-6.428695435311896356e-01
1.545940531853025934e+00
1.368179150642196085e+00
-2.448312247352854687e+00
2.765073062198895482e+00
-2.691830085989873611e-01
1.355072258132683061e+00
-6.473066919030148192e-01
1.079326729726107326e+00
-4.385514869051592157e-01
2.766864947918122875e-01
1.818019241977082423e+00
5.006686209439668023e-01
-6.042428967700608222e-01
1.964186669871887947e-01
-1.123826636675772317e+00
-6.523502262013448905e-02
-6.282169144763785074e-01
-6.404285876635187336e-01
-8.176375318583117835e-02
-6.442160353555625996e-01
2.485471252059866243e-01
-6.775377321737401370e-01
-1.638674170702263844e+00
7.414479734341659078e-01
-8.826640692438411095e-01
-1.177404847624530237e+00
-1.157771191983167025e+00
-1.678404369130276352e-01
1.319889990680924940e+00
1.010923689446805163e-01
-6.627986945195424306e-02
-1.335199586460944499e+00
5.790438453688735443e-01
-1.059668498220721622e+00
1.159161115618332072e-01
-2.565038314901698868e+00
-1.360810394951042834e+00
-2.059354264864056705e-01
-1.764890736622844347e+00
2.515406923987791865e-01
-3.453732372518325544e-02
1.393798043610887660e-01
-7.271708763430175804e-01
7.151359566211411556e-01
1.412832673760716640e+00
5.854331921906533731e-01
-5.998319033294445823e-01
-1.074425884124882158e+00
-4.465276464854108784e-01
-1.444639448969739393e+00
1.394566035132448256e+00
-2.038936317168558165e-01
-9.196483134951999316e-01
1.512395050188171552e+00
-2.744471932633351097e-01
-3.238069942924678424e-01
7.366862761544493710e-01
-2.198198080352806449e-01
-7.634038938570864019e-01
-8.619406928061750239e-01
-1.716165612810581553e+00
-1.122113145108645682e+00
4.750350678410393268e-01
3.633610463437156879e-01
6.485226165547666177e-01
-4.155857283608300756e-01
1.390238075867447520e+00
-3.704554863991345037e-01
-4.183605667210289480e-01
6.094458192079545977e-01
-1.448282817491458374e+00
-7.056154991318114300e-02
3.044374908269602553e-01
-1.099054791128351027e+00
5.033809300383188523e-01
-2.154269166199841656e+00
-1.429813016213556942e-01
1.168175905627922839e+00
2.156475982772019684e+00
-1.159996500988010881e+00
1.865173583841812643e-01
1.625993306053386878e+00
1.916750161374508155e+00
4.638013665226987658e-01
2.585666835685354603e-01
1.134570488195836835e-01
-2.297000065289083459e-01
8.349001695560248626e-02
-5.310087629138738885e-01
-1.944557316463086660e-01
-2.432056719885403062e+00
-1.553989790228506251e+00
2.226191921603349333e-01
1.382390878159435177e+00
-1.797286541325182396e+00
7.202808926485024799e-01
4.691066651932879195e-02
-4.454374056079009603e-01
-1.044879979510902501e+00
6.535701636617378130e-01
1.437537447416527225e+00
5.640781805193345599e-01
-1.244099512699903265e-01
-6.484475178967202824e-01
1.495181479850053341e+00
-3.004379910494108796e-01
6.877960229447384055e-01
8.902903979841194637e-01
1.334228014811555951e+00
4.021377632521741519e-01
2.662217294163941705e+00
-2.718207663917308059e-01
-5.254674255554332429e-01
1.658479697878078474e+00
-2.128004664372294408e-01
-1.132765093049518557e+00
8.086419816873794408e-01
-5.958254667604834243e-01
-1.622839422373231477e-01
-8.893825526623064803e-01
-3.451656692048626907e-01
-3.937970117510317669e-01
-6.027677533240938246e-01
5.353739111380564353e-01
1.668184225794293596e+00
1.405461989830133707e+00
-5.518581701116235250e-01
7.331632927263609378e-01
3.236461842528869370e-01
-1.645094069595649522e-01
2.406079586371535406e+00
9.303647978820109299e-02
-5.263648282176397464e-02
3.221862168785281089e-01
-5.976532734206145836e-01
4.857720656020336758e-01
4.303510247387467014e-01
2.613791222986615592e-01
-3.389031611882153960e-01
-1.579294775053938782e+00
1.340083708191346368e-01
-4.906454565926963163e-01
6.536860372092756499e-02
1.147380801042702236e-02
-1.389987301374799866e+00
-1.767431157527257768e-02
-1.938376253697459584e+00
-1.011102941051547965e+00
1.637602745873828480e-02
4.738556763115381876e-01
-3.022167174479925000e-01
5.320698566138399865e-01
-1.219817762598476074e+00
-8.761910263601965232e-01
7.298892355045187852e-01
-2.205016679994353801e-01
-2.941574629937535601e-01
-7.711830254594764789e-01
-8.721525488414186844e-01
-6.987712429686840920e-01
-8.721525488414189065e-01
-7.711830254594762568e-01
-2.941574629937537266e-01
-2.205016679994352691e-01
7.298892355045185631e-01
-8.761910263601961901e-01
-1.219817762598476296e+00
5.320698566138397645e-01
-3.022167174479925555e-01
4.738556763115382431e-01
1.637602745873839583e-02
-1.011102941051547743e+00
-1.938376253697459140e+00
-1.767431157527282748e-02
-1.389987301374800310e+00
1.147380801042702236e-02
6.536860372092756499e-02
-4.906454565926967604e-01
1.340083708191348033e-01
-1.579294775053938782e+00
-3.389031611882156736e-01
2.613791222986614482e-01
4.303510247387467014e-01
4.857720656020335648e-01
-5.976532734206148056e-01
3.221862168785279423e-01
-5.263648282176436322e-02
9.303647978820103748e-02
2.406079586371535406e+00
-1.645094069595649522e-01
3.236461842528868260e-01
7.331632927263609378e-01
-4.260543915662290404e-01
5.875113799165250228e-01
3.752222304940424635e-01
-7.172181769936287754e-01
-4.629905738708679497e-01
2.565339671867397087e+00
9.420077412245908555e-01
2.162214473772364975e+00
3.365973720369485611e-01
1.295706103286355715e+00
-4.237847604046196537e-01
-2.448139127160867401e-01
-7.496376540475335748e-01
4.855288196951164092e-01
-2.219130168381300727e+00
3.524355774372082140e-01
1.077831216487592947e+00
5.573613211745780394e-01
-4.235791262568628923e-01
5.879480095169682397e-01
-1.029636109788567788e+00
-1.155143493345232475e+00
3.734421791537995139e-01
3.718384529770212832e-01
-1.055775970337907932e+00
-3.669014932942776253e-01
1.375568162049124021e+00
7.055275062659167595e-01
-1.955938135972616621e-01
-1.084073132367853631e+00
4.214512803651978001e-01
-8.105746418436736711e-01
1.403664011238733300e-01
-5.652348731041930696e-01
-2.507828395464112292e-01
-2.506544637386439733e-01
-5.569372656842751512e-01
-7.841326452706640637e-01
-4.262911754649302276e-01
5.161731604988507582e-01
1.201357295672015102e+00
4.749823856407342504e-02
-5.562221571071201964e-02
1.341908662095457894e-01
2.214492546359921210e+00
-1.570930288948584108e+00
3.012459105369564849e-01
9.220667019342089210e-01
1.650549954467352975e-01
-5.547798585142625916e-01
1.469380384121148353e-01
-4.418902415113951099e-02
-3.256493254799213588e+00
-6.118532593161389865e-01
-8.025437034853097340e-02
1.845223777270445176e+00
7.617208927134909713e-01
-3.498788431317214620e-01
2.540849680287014856e+00
-9.350792568701363772e-01
-1.132252672135098059e+00
-9.440351117999494779e-01
-9.699303880598113548e-01
2.788643771835808138e+00
-1.037263346157605959e+00
-1.111853459940523647e+00
7.211991560118695688e-01
-3.963110338477571215e-01
-9.357431419514574689e-01
2.748212538119896298e-01
5.293632967778736376e-01
-1.553513759021778462e-01
-3.589474786123891259e-01
-6.063917511332418409e-01
-9.790411206458398130e-01
5.425308639201991134e-01
-1.153871928635586963e-01
-2.620654318912453373e+00
-1.070280226248786937e+00
-9.505658907568754756e-01
1.512682654620319589e+00
3.019663178227363076e-01
-5.231427423383518960e-01
-1.662641330491162694e+00
-8.525605674678795598e-01
1.798547796852015268e-01
-1.018102582602984363e-01
-1.509411253582777279e+00
1.248102237656626867e+00
-9.003377181498378734e-01
3.192177970936287412e-01
9.736504977130251426e-01
9.041360079483147238e-01
1.435498538641973854e-01
-3.863054824072363891e-01
-4.751644452187049339e-01
-3.863054824072363891e-01
1.435498538641973298e-01
9.041360079483147238e-01
9.736504977130250316e-01
3.192177970936284637e-01
-9.003377181498377624e-01
1.248102237656626645e+00
-1.509411253582777057e+00
-1.018102582602983808e-01
1.798547796852016933e-01
-8.525605674678797818e-01
-1.662641330491162917e+00
-5.231427423383518960e-01
3.019663178227363631e-01
1.512682654620319589e+00
-9.505658907568754756e-01
-1.070280226248786715e+00
-2.620654318912453373e+00
-1.153871928635586824e-01
5.425308639201991134e-01
-9.790411206458398130e-01
-6.063917511332418409e-01
-3.589474786123892369e-01
-1.553513759021781793e-01
5.293632967778736376e-01
2.748212538119896853e-01
-9.357431419514573578e-01
-3.963110338477573436e-01
7.211991560118695688e-01
-1.111853459940523425e+00
-1.037263346157605737e+00
2.788643771835808138e+00
-9.699303880598114658e-01
-9.440351117999494779e-01
-1.132252672135098059e+00
-9.350792568701364882e-01
2.540849680287014856e+00
-3.498788431317219061e-01
7.617208927134906382e-01
1.845223777270445176e+00
-8.025437034853072360e-02
-6.118532593161389865e-01
-3.256493254799214476e+00
-4.418902415113942772e-02
1.469380384121149463e-01
-5.547798585142629246e-01
1.650549954467350755e-01
9.220667019342089210e-01
3.012459105369563739e-01
-1.570930288948583664e+00
2.214492546359921210e+00
1.341908662095458449e-01
-5.562221571071246373e-02
4.749823856407353606e-02
1.201357295672015102e+00
5.161731604988508693e-01
-4.262911754649305052e-01
-7.841326452706642858e-01
-5.569372656842748182e-01
-2.506544637386439178e-01
-2.507828395464113402e-01
-5.652348731041928476e-01
1.403664011238733855e-01
-8.105746418436736711e-01
4.214512803651978556e-01
-1.084073132367853631e+00
-1.955938135972619119e-01
7.055275062659168706e-01
1.375568162049124243e+00
-3.669014932942777918e-01
-1.055775970337907932e+00
3.718384529770213387e-01
3.734421791537997359e-01
-1.155143493345232697e+00
-1.029636109788568010e+00
5.879480095169682397e-01
-4.235791262568633364e-01
5.573613211745784835e-01
1.077831216487592725e+00
3.524355774372082140e-01
-2.219130168381300727e+00
4.855288196951160762e-01
-7.496376540475335748e-01
-2.448139127160866013e-01
-4.237847604046203198e-01
1.295706103286355715e+00
3.365973720369486166e-01
2.162214473772364975e+00
9.420077412245909665e-01
2.565339671867397087e+00
-4.629905738708679497e-01
-7.172181769936286644e-01
3.752222304940419084e-01
5.875113799165248007e-01
-4.260543915662288739e-01
7.331632927263609378e-01
3.236461842528869370e-01
-1.645094069595649522e-01
2.406079586371535406e+00
9.303647978820109299e-02
-5.263648282176397464e-02
3.221862168785281089e-01
-5.976532734206145836e-01
4.857720656020336758e-01
4.303510247387467014e-01
2.613791222986615592e-01
-3.389031611882153960e-01
-1.579294775053938782e+00
1.340083708191346368e-01
-4.906454565926963163e-01
6.536860372092756499e-02
1.147380801042702236e-02
-1.389987301374799866e+00
-1.767431157527257768e-02
-1.938376253697459584e+00
-1.011102941051547965e+00
1.637602745873828480e-02
4.738556763115381876e-01
-3.022167174479925000e-01
5.320698566138399865e-01
-1.219817762598476074e+00
-8.761910263601965232e-01
7.298892355045187852e-01
-2.205016679994353801e-01
-2.941574629937535601e-01
-7.711830254594764789e-01
-8.721525488414186844e-01
-1.028563035748171650e+00
-2.324120525136391113e-01
1.217664903864628556e+00
-1.276699898838768776e+00
-4.627838229077362864e-01
1.203683157668492543e-01
-1.033213194628324505e+00
-1.011720116922535606e+00
6.732909567608870161e-01
-5.857504684225633973e-02
3.267685352013335986e+00
-1.197469236265727155e-01
6.271303636765999112e-01
-2.156802460911363184e+00
-1.751641294471777188e+00
-3.596026024624556228e-01
-3.326114406032081861e-01
-4.566399290081126772e-01
7.271773671769554692e-01
-2.792262082109866483e-01
1.377018859464617773e+00
-1.109412295417954164e-01
1.212097340011216162e-01
4.288505925204992297e-01
-6.280909476324226803e-01
2.856701263927056700e-01
-8.396424348551327910e-01
-3.312898282799459082e-02
1.616436088029042040e+00
9.108099716369337795e-01
-1.364270437238711331e+00
-3.052636491711140376e-01
1.649100133406095070e+00
-3.052636491711142597e-01
-1.364270437238711331e+00
9.108099716369340015e-01
1.616436088029041818e+00
-3.312898282799492389e-02
-8.396424348551327910e-01
2.856701263927054479e-01
-6.280909476324224583e-01
4.288505925204992852e-01
1.212097340011214497e-01
-1.109412295417953609e-01
1.377018859464617995e+00
-2.792262082109865373e-01
7.271773671769554692e-01
-4.566399290081123996e-01
-3.326114406032081861e-01
-3.596026024624557893e-01
-1.751641294471777410e+00
-2.156802460911363184e+00
6.271303636766001333e-01
-1.197469236265727016e-01
3.267685352013335986e+00
-5.857504684225589564e-02
6.732909567608871271e-01
-1.011720116922536050e+00
-1.033213194628324727e+00
1.203683157668490322e-01
-4.627838229077363974e-01
-1.276699898838768554e+00
1.217664903864628556e+00
-2.324120525136393056e-01
-1.028563035748171650e+00
-1.736120794100157183e-01
3.514203381411999949e-01
-1.549372066668834647e+00
-1.125716686313043002e+00
-4.140263621482351275e-02
1.907586335605776062e+00
-9.920336333370418647e-01
-1.729377207180387455e+00
6.754656367005981155e-01
-1.280042396961523776e-01
1.610587471026027950e+00
7.303342937325585371e-01
-2.067120256703628423e-01
-8.700667437640852153e-01
8.176132336454537963e-01
-3.690475986753291027e-01
9.607208511953955199e-01
1.002021825163720292e-01
-1.055037720118011668e+00
3.815399242808462654e-01
5.038921976785848411e-01
-8.866564133548855420e-01
4.186210171511780542e-01
-3.700052165521828806e-01
-1.419082733076691138e-01
1.104657037872028846e-01
-3.776217809468770392e-01
1.400749950373632036e+00
-1.140949203918053989e+00
8.202597479965331173e-01
1.962934523168831102e-01
-1.145984838468642186e+00
1.156489806456615588e+00
1.914162265766002902e+00
-4.127907877530104797e-01
-2.291206956599312061e-02
1.484483426989591459e+00
-1.126888908977098147e+00
3.578424675443854230e-01
4.240891350258541026e-03
1.424603582952657543e+00
-4.126810952658832576e-02
7.720510352437199852e-01
-1.428306398245331899e+00
-1.200140883865948194e+00
1.715132740096466879e+00
5.767212842425161190e-01
-4.144672799526463725e-02
-4.963865885279837853e-01
-1.456390625387107729e+00
8.768222108351441113e-01
2.062274843830739779e-01
1.317529868985061858e+00
-2.536334197069695096e-01
-1.021378158734685515e+00
-6.346640277560442467e-01
-2.402062659527379185e-01
2.456069616672118983e+00
-2.986509111804251937e-01
7.945486237404300045e-01
1.053157152764913729e+00
1.221780156695802200e+00
7.508939225140549845e-02
7.823414531076111622e-02
-4.324090529322821008e-01
4.984790076114358204e-01
3.990765203962698404e-01
-1.248044207215617263e+00
-1.370295707431859800e+00
-1.183163374075489216e+00
-9.141238774856419447e-01
3.682919222838013651e-01
2.207158169098423883e+00
-1.005041373715728881e+00
1.257559173673637176e-01
9.164519191604691972e-01
-1.281828301253220559e-01
-1.077516369824227604e+00
-1.814143035339981780e-01
-7.103384181010614640e-01
-8.528069912317215451e-01
-3.637312308907152403e-01
-1.610387008290249611e+00
-6.126933301693049394e-01
-6.493075185741464805e-01
-9.462580314878648036e-01
5.084603793255033644e-01
3.038524489762793879e-01
-6.156107940783828170e-01
9.223935444445521270e-01
1.891352774143242987e+00
-1.948582392453690471e-02
1.316114984746915573e+00
-3.410212217888984876e-01
1.820752742792672629e+00
1.425493335656115912e+00
1.820752742792672851e+00
-3.410212217888983766e-01
1.316114984746915795e+00
-1.948582392453679368e-02
1.891352774143242765e+00
9.223935444445521270e-01
-6.156107940783828170e-01
3.038524489762794989e-01
5.084603793255038084e-01
-9.462580314878646925e-01
-6.493075185741465916e-01
-6.126933301693051614e-01
-1.610387008290249611e+00
-3.637312308907152403e-01
-8.528069912317213230e-01
-7.103384181010614640e-01
-1.814143035339982335e-01
-1.077516369824227827e+00
-1.281828301253222779e-01
9.164519191604689752e-01
1.257559173673634678e-01
-1.005041373715728881e+00
2.207158169098423883e+00
3.682919222838014761e-01
-9.141238774856420557e-01
-1.183163374075489438e+00
-1.370295707431860244e+00
-1.248044207215617263e+00
3.990765203962695629e-01
4.984790076114358204e-01
-4.324090529322820453e-01
7.823414531076111622e-02
7.508939225140544294e-02
1.221780156695802200e+00
1.053157152764913507e+00
7.945486237404301155e-01
-2.986509111804248606e-01
2.456069616672119427e+00
-2.402062659527379740e-01
-6.346640277560439136e-01
-1.021378158734685293e+00
-2.536334197069688434e-01
1.317529868985061414e+00
2.062274843830738669e-01
8.768222108351441113e-01
-1.456390625387107951e+00
-4.963865885279838408e-01
-4.144672799526463725e-02
5.767212842425162300e-01
1.715132740096466879e+00
-1.200140883865947972e+00
-1.428306398245331899e+00
7.720510352437199852e-01
-4.126810952658849230e-02
1.424603582952657543e+00
4.240891350258763071e-03
3.578424675443855341e-01
-1.126888908977098147e+00
1.484483426989591681e+00
-2.291206956599312061e-02
-4.127907877530105907e-01
1.914162265766002680e+00
1.156489806456615144e+00
-1.145984838468642186e+00
1.962934523168831658e-01
8.202597479965330063e-01
-1.140949203918053989e+00
1.400749950373632036e+00
-3.776217809468773723e-01
1.104657037872032177e-01
-1.419082733076693359e-01
-3.700052165521829917e-01
4.186210171511780542e-01
-8.866564133548859861e-01
5.038921976785848411e-01
3.815399242808462654e-01
-1.055037720118011446e+00
1.002021825163721402e-01
9.607208511953951868e-01
-3.690475986753291027e-01
8.176132336454536853e-01
-8.700667437640849933e-01
-2.067120256703628423e-01
7.303342937325585371e-01
1.610587471026027950e+00
-1.280042396961521556e-01
6.754656367005982265e-01
-1.729377207180387677e+00
-9.920336333370418647e-01
1.907586335605776062e+00
-4.140263621482376255e-02
-1.125716686313043002e+00
-1.549372066668834425e+00
3.514203381411999394e-01
-1.736120794100158293e-01
-1.028563035748171650e+00
-2.324120525136391113e-01
1.217664903864628556e+00
-1.276699898838768776e+00
-4.627838229077362864e-01
1.203683157668492543e-01
-1.033213194628324505e+00
-1.011720116922535606e+00
6.732909567608870161e-01
-5.857504684225633973e-02
3.267685352013335986e+00
-1.197469236265727155e-01
6.271303636765999112e-01
-2.156802460911363184e+00
-1.751641294471777188e+00
-3.596026024624556228e-01
-3.326114406032081861e-01
-4.566399290081126772e-01
7.271773671769554692e-01
-2.792262082109866483e-01
1.377018859464617773e+00
-1.109412295417954164e-01
1.212097340011216162e-01
4.288505925204992297e-01
-6.280909476324226803e-01
2.856701263927056700e-01
-8.396424348551327910e-01
-3.312898282799459082e-02
1.616436088029042040e+00
9.108099716369337795e-01
-1.364270437238711331e+00
-3.052636491711140376e-01
-1.956559480312315136e-01
1.187508126663157304e+00
1.281125118153513820e-01
-1.402450481639082813e+00
-1.211218130815476135e+00
-5.779376949861976254e-01
1.021043535119714019e+00
7.780943592511712081e-01
-1.144148093263630539e-01
1.101194316535101470e+00
-1.687421028732514205e+00
-2.070154116367427521e-01
-2.508778858299508308e+00
-6.667310622549307286e-01
-1.838654252108710585e+00
8.536529089487233657e-01
4.723404705611273235e-01
-4.345024974787243810e-01
4.598078084124128662e-01
-9.735869807590196157e-01
-4.225837565777556537e-01
-3.561443398548855277e-01
-1.147636361976820840e+00
6.574388944701504700e-01
-5.265881753843579816e-01
-1.489602797866405037e+00
5.211620642898060485e-01
-3.484126445277686557e-01
-1.300861997813159421e-01
-3.528684512119419914e-01
7.654465080670680432e-01
1.758684637749347468e+00
4.751644452187053780e-01
1.758684637749347690e+00
7.654465080670681543e-01
-3.528684512119418804e-01
-1.300861997813159421e-01
-3.484126445277684336e-01
5.211620642898063815e-01
-1.489602797866404815e+00
-5.265881753843578705e-01
6.574388944701509141e-01
-1.147636361976820840e+00
-3.561443398548854722e-01
-4.225837565777555982e-01
-9.735869807590196157e-01
4.598078084124127551e-01
-4.345024974787244920e-01
4.723404705611273235e-01
8.536529089487235877e-01
-1.838654252108710363e+00
-6.667310622549309507e-01
-2.508778858299508308e+00
-2.070154116367433073e-01
-1.687421028732514205e+00
1.101194316535101247e+00
-1.144148093263628319e-01
7.780943592511715412e-01
1.021043535119713797e+00
-5.779376949861978474e-01
-1.211218130815476135e+00
-1.402450481639082813e+00
1.281125118153511044e-01
1.187508126663157082e+00
-1.956559480312315136e-01
2.061012182200014475e+00
9.111166067673281965e-01
-6.368822648108350970e-01
1.090502117368996604e+00
-1.523716878360049432e+00
1.221269506360946222e+00
2.281732987435815652e+00
-1.189106366939441939e+00
-2.927518438772713782e+00
1.224516643839455465e+00
1.711998779855076203e-01
9.411954234127501984e-01
8.034571570012951636e-01
1.295674774913964100e-01
-7.469486641680594952e-01
7.531237265326256036e-01
5.731926129245670243e-01
3.159366708626000775e-01
5.957995463843697159e-01
-1.597513601516668824e-02
1.518818305684914716e+00
1.261098081652350933e+00
1.465415873886575238e+00
-2.338795063559501730e-01
9.356226020059901227e-01
-1.310055492343332739e-01
2.791651847256935159e-01
-4.708855463770224570e-01
-6.476351180764602367e-01
1.205170164150780043e-01
-1.178928737130712889e+00
-1.956559480312316524e-01
7.620649409271951225e-01
-4.171509680705377532e-01
-2.982710416672716414e-01
-6.525195280882782889e-01
7.847735198764920206e-01
1.019892148716416536e+00
5.469528036558606310e-01
-6.241427933630516733e-01
1.245711816885638701e+00
-1.900946503521163677e-01
4.639376406075872428e-01
1.892315343769420677e-01
1.741084547869163002e+00
-1.118770744210404455e+00
1.023501607148468995e-01
2.898261321716440464e-01
-2.040034716280008986e+00
-1.885508835234454450e+00
-1.357476922493662252e-01
-1.676551067934359374e+00
2.109964234707057074e+00
3.378846042853337339e-01
-1.272744341708599736e+00
4.013149873132170198e-01
-1.126629969425608557e+00
4.346607862268009326e-01
2.802956563011475000e-01
-3.726302936430037072e-01
-5.871588360409041307e-01
-6.447220116734482254e-01
-1.147704803985593935e+00
-1.956559480312316801e-01
1.110200625344688330e-01
-4.298200625422313181e-01
6.905319985710716146e-01
4.093881526770454804e-01
-2.670507919425775811e-01
-8.058731999699908499e-02
-8.433873365612037931e-01
2.147934822411809108e+00
-3.180516863531255289e-01
7.057134841869401320e-01
-2.186077310720272227e+00
1.423271205329785793e-01
4.934000347388529661e-01
-4.962738987640415989e-01
-5.456494000580344172e-01
-6.184614389053350036e-02
5.458999247697291501e-01
-9.066014640165626082e-03
1.010662396619223857e+00
-3.734510988130014808e-01
-6.428284231201413235e-01
3.961777755381277188e-01
-6.053364553020569305e-01
-5.319385516057986152e-01
3.888048404308040995e-01
6.001841318462577402e-01
-1.211095584307074535e+00
1.426857174766383574e-01
-1.345728412041473865e+00
-6.029684733566891275e-01
-1.043919269763521340e+00
3.605659613718410927e+00
-1.043919269763521562e+00
-6.029684733566894606e-01
-1.345728412041473643e+00
1.426857174766383574e-01
-1.211095584307074313e+00
6.001841318462578512e-01
3.888048404308042105e-01
-5.319385516057985042e-01
-6.053364553020571526e-01
3.961777755381276633e-01
-6.428284231201412124e-01
-3.734510988130014253e-01
1.010662396619223857e+00
-9.066014640165764860e-03
5.458999247697291501e-01
-6.184614389053350036e-02
-5.456494000580341952e-01
-4.962738987640418209e-01
4.934000347388529661e-01
1.423271205329783573e-01
-2.186077310720271782e+00
7.057134841869401320e-01
-3.180516863531251959e-01
2.147934822411808664e+00
-8.433873365612043482e-01
-8.058731999699891846e-02
-2.670507919425777477e-01
4.093881526770453139e-01
6.905319985710715036e-01
-4.298200625422311516e-01
1.110200625344691661e-01
-1.956559480312316801e-01
-1.147704803985594824e+00
-6.447220116734484474e-01
-5.871588360409040197e-01
-3.726302936430038737e-01
2.802956563011476110e-01
4.346607862268008216e-01
-1.126629969425609445e+00
4.013149873132173528e-01
-1.272744341708599958e+00
3.378846042853337339e-01
2.109964234707057074e+00
-1.676551067934359374e+00
-1.357476922493661697e-01
-1.885508835234454672e+00
-2.040034716280009430e+00
2.898261321716440464e-01
1.023501607148470105e-01
-1.118770744210404455e+00
1.741084547869162780e+00
1.892315343769422342e-01
4.639376406075870207e-01
-1.900946503521165898e-01
1.245711816885638701e+00
-6.241427933630516733e-01
5.469528036558606310e-01
1.019892148716416092e+00
7.847735198764922426e-01
-6.525195280882785109e-01
-2.982710416672714748e-01
-4.171509680705376977e-01
7.620649409271953445e-01
-1.956559480312316524e-01
-1.178928737130713111e+00
1.205170164150780321e-01
-6.476351180764603477e-01
-4.708855463770226790e-01
2.791651847256929053e-01
-1.310055492343330519e-01
9.356226020059899007e-01
-2.338795063559501730e-01
1.465415873886575238e+00
1.261098081652351155e+00
1.518818305684914716e+00
-1.597513601516664661e-02
5.957995463843699380e-01
3.159366708626000775e-01
5.731926129245670243e-01
7.531237265326256036e-01
-7.469486641680591621e-01
1.295674774913961880e-01
8.034571570012949415e-01
9.411954234127501984e-01
1.711998779855075092e-01
1.224516643839455465e+00
-2.927518438772714227e+00
-1.189106366939441717e+00
2.281732987435815208e+00
1.221269506360946000e+00
-1.523716878360049432e+00
1.090502117368996604e+00
-6.368822648108349860e-01
9.111166067673279745e-01
2.061012182200014031e+00
-1.956559480312315136e-01
1.187508126663157304e+00
1.281125118153513820e-01
-1.402450481639082813e+00
-1.211218130815476135e+00
-5.779376949861976254e-01
1.021043535119714019e+00
7.780943592511712081e-01
-1.144148093263630539e-01
1.101194316535101470e+00
-1.687421028732514205e+00
-2.070154116367427521e-01
-2.508778858299508308e+00
-6.667310622549307286e-01
-1.838654252108710585e+00
8.536529089487233657e-01
4.723404705611273235e-01
-4.345024974787243810e-01
4.598078084124128662e-01
-9.735869807590196157e-01
-4.225837565777556537e-01
-3.561443398548855277e-01
-1.147636361976820840e+00
6.574388944701504700e-01
-5.265881753843579816e-01
-1.489602797866405037e+00
5.211620642898060485e-01
-3.484126445277686557e-01
-1.300861997813159421e-01
-3.528684512119419914e-01
7.654465080670680432e-01
1.758684637749347468e+00
-4.943468758268357854e-01
-5.986467494091758379e-01
1.636811760343417799e+00
3.578403804230495533e-02
-4.093260800246574238e-01
-4.624531859035658776e-01
8.085627244543026615e-01
9.772328313536874367e-01
-7.833397645760145078e-01
1.346224175881198581e+00
-7.758870265643980080e-02
1.037920257954719094e+00
-5.340012013627650767e-01
-6.256800188615929681e-01
-1.076481867047283103e-01
1.436773970931096267e+00
4.652441799156892266e-01
-2.988221676660748338e-01
-1.449210298733194513e-01
-1.387606502666282271e+00
1.315246058676156071e-01
-3.429355212923234086e-01
4.269377758659516076e-01
1.679335783842686336e+00
-5.325998161714904366e-01
1.338870465840844348e+00
1.629276440076651955e+00
1.932546073883208426e-01
-9.504392004671601279e-01
-1.013957069728643745e-02
-1.270687401115061954e+00
3.572532882791955577e-01
1.649100133406094848e+00
3.572532882791957243e-01
-1.270687401115061954e+00
-1.013957069728677052e-02
-9.504392004671601279e-01
1.932546073883210647e-01
1.629276440076651955e+00
1.338870465840844126e+00
-5.325998161714904366e-01
1.679335783842686336e+00
4.269377758659513855e-01
-3.429355212923238527e-01
1.315246058676155516e-01
-1.387606502666282271e+00
-1.449210298733198954e-01
-2.988221676660745008e-01
4.652441799156892266e-01
1.436773970931096045e+00
-1.076481867047287544e-01
-6.256800188615928571e-01
-5.340012013627650767e-01
1.037920257954718872e+00
-7.758870265643946773e-02
1.346224175881198803e+00
-7.833397645760143968e-01
9.772328313536875477e-01
8.085627244543022174e-01
-4.624531859035656556e-01
-4.093260800246575903e-01
3.578403804230545493e-02
1.636811760343417799e+00
-5.986467494091757269e-01
-4.943468758268357854e-01
-9.279059903031583456e-02
-1.134486547369648046e-01
1.481824345547451127e+00
-5.982638740201094985e-01
-1.225255536616555396e+00
2.456828228673532122e-01
-9.001213501548052665e-02
-7.503099658149736673e-01
1.271108824768401258e+00
1.042582598254383264e+00
-2.183892472038082566e+00
1.831026119088229875e-01
-1.325606438823021760e+00
1.287793234920181717e+00
2.346872372485073743e-01
-4.847643141904851016e-01
-1.087392429220911394e+00
-5.718202558795593138e-01
-1.389167759242574851e+00
-9.520619821702211993e-01
-1.146772835842515104e+00
1.071215974008426830e+00
1.196276896904157061e-01
-9.727449359147247732e-01
-2.110810608500382490e-01
1.519522476995259219e-01
1.267276261293893924e+00
2.022790053401323507e-01
3.720844301103329865e-01
-8.124463855499437503e-01
1.176591535116900067e+00
-1.034181439593652829e+00
-1.039217439152384292e+00
1.741615610231632694e-01
-1.457486455364567779e-01
-5.545768278475136093e-01
-8.256024268755861595e-01
-4.241853689932757465e-01
-8.719787948162722735e-01
-4.408815488836672625e-01
1.524904211773538965e-01
7.426106667105090153e-01
-1.750362639092718720e+00
-8.027764706394591165e-01
-1.491093309106166442e+00
7.008754570463429090e-01
-5.954367426472939595e-01
-7.976835880981005822e-01
2.857864574892974296e+00
5.659681957496756066e-01
3.162844189838276421e-01
8.717842818385861392e-01
1.590957049486028563e+00
1.482777708086745694e+00
8.677118266753285347e-01
3.341676898292240128e-01
-5.377286876790230430e-01
-4.274654392106565226e-02
2.345897174090425530e-01
1.687228179299199993e-01
-9.257494779004267205e-01
-2.747041715510856741e-01
-9.445086006054056460e-01
-1.126802407860511668e+00
1.191913724354369375e+00
-3.601904270725398982e-01
8.354828672778504828e-01
-1.934181551957341039e-01
-8.733587155521236323e-01
-8.136978149366577151e-01
1.074798902685568880e+00
-7.011757403130569610e-01
-4.947139701654836297e-01
-1.473862444937367844e+00
-4.463558581487209187e-01
-1.017001073190001659e+00
-7.617524101646127033e-01
-2.269547208199078625e+00
-8.656246118339019358e-01
2.047041109997781216e+00
-9.696766308280736490e-01
1.456117032114484289e+00
-2.100168029142031045e-01
-5.254874840360642674e-01
-4.147094513121151182e-01
-2.589345600735178277e+00
-2.038692340951573811e+00
4.556852009506145995e-02
2.071493583423664742e-01
1.691290432790711673e+00
-7.567942448273721201e-01
9.550166665689873158e-01
1.062847872516672121e+00
-1.084494862149812944e+00
-6.471268398051225335e-01
7.546729424061789926e-01
-6.471268398051226445e-01
-1.084494862149812944e+00
1.062847872516672343e+00
9.550166665689875378e-01
-7.567942448273725642e-01
1.691290432790711673e+00
2.071493583423665852e-01
4.556852009506134893e-02
-2.038692340951573811e+00
-2.589345600735177833e+00
-4.147094513121153403e-01
-5.254874840360641564e-01
-2.100168029142031045e-01
1.456117032114484511e+00
-9.696766308280735380e-01
2.047041109997781216e+00
-8.656246118339016027e-01
-2.269547208199078181e+00
-7.617524101646125922e-01
-1.017001073190001881e+00
-4.463558581487205301e-01
-1.473862444937367844e+00
-4.947139701654837962e-01
-7.011757403130570721e-01
1.074798902685568880e+00
-8.136978149366574931e-01
-8.733587155521234102e-01
-1.934181551957341871e-01
8.354828672778503718e-01
-3.601904270725397872e-01
1.191913724354369375e+00
-1.126802407860511668e+00
-9.445086006054054240e-01
-2.747041715510856741e-01
-9.257494779004268315e-01
1.687228179299201658e-01
2.345897174090424420e-01
-4.274654392106601308e-02
-5.377286876790230430e-01
3.341676898292240128e-01
8.677118266753287568e-01
1.482777708086746138e+00
1.590957049486029007e+00
8.717842818385861392e-01
3.162844189838274200e-01
5.659681957496751625e-01
2.857864574892974296e+00
-7.976835880981005822e-01
-5.954367426472937375e-01
7.008754570463426870e-01
-1.491093309106166442e+00
-8.027764706394591165e-01
-1.750362639092718720e+00
7.426106667105091264e-01
1.524904211773537854e-01
-4.408815488836673735e-01
-8.719787948162724955e-01
-4.241853689932753579e-01
-8.256024268755863815e-01
-5.545768278475134982e-01
-1.457486455364567224e-01
1.741615610231634914e-01
-1.039217439152384737e+00
-1.034181439593652829e+00
1.176591535116899623e+00
-8.124463855499437503e-01
3.720844301103329310e-01
2.022790053401324062e-01
1.267276261293893702e+00
1.519522476995258664e-01
-2.110810608500377494e-01
-9.727449359147246621e-01
1.196276896904155951e-01
1.071215974008427052e+00
-1.146772835842514660e+00
-9.520619821702211993e-01
-1.389167759242574851e+00
-5.718202558795595358e-01
-1.087392429220911172e+00
-4.847643141904851016e-01
2.346872372485078184e-01
1.287793234920181717e+00
-1.325606438823021760e+00
1.831026119088232096e-01
-2.183892472038082122e+00
1.042582598254383264e+00
1.271108824768401480e+00
-7.503099658149736673e-01
-9.001213501548085971e-02
2.456828228673527681e-01
-1.225255536616555618e+00
-5.982638740201091654e-01
1.481824345547451349e+00
-1.134486547369649156e-01
-9.279059903031605661e-02
-4.943468758268357854e-01
-5.986467494091758379e-01
1.636811760343417799e+00
3.578403804230495533e-02
-4.093260800246574238e-01
-4.624531859035658776e-01
8.085627244543026615e-01
9.772328313536874367e-01
-7.833397645760145078e-01
1.346224175881198581e+00
-7.758870265643980080e-02
1.037920257954719094e+00
-5.340012013627650767e-01
-6.256800188615929681e-01
-1.076481867047283103e-01
1.436773970931096267e+00
4.652441799156892266e-01
-2.988221676660748338e-01
-1.449210298733194513e-01
-1.387606502666282271e+00
1.315246058676156071e-01
-3.429355212923234086e-01
4.269377758659516076e-01
1.679335783842686336e+00
-5.325998161714904366e-01
1.338870465840844348e+00
1.629276440076651955e+00
1.932546073883208426e-01
-9.504392004671601279e-01
-1.013957069728643745e-02
-1.270687401115061954e+00
3.572532882791955577e-01
-7.298721079525674060e-01
1.772078213879864972e+00
-7.850529149904372783e-01
-2.716198495005379132e-01
6.620227771754169099e-01
1.399298340237290272e+00
1.110389233030413036e+00
5.466388148056490204e-01
-1.262920687975329914e-01
-1.812953347502306745e+00
4.583191867445618461e-01
1.203758611350409513e-01
-6.072334061805154670e-01
-5.377253512609269093e-01
-3.724802718959824288e-01
-5.634119843787004367e-01
4.872387509262190441e-01
3.367489346757908675e-01
-1.290598313914308681e+00
1.424741825127384010e+00
-3.585729080900120214e-01
6.471190447454973071e-01
7.565172895837657396e-02
-5.959833777242899977e-01
1.336528775552397574e+00
-1.661352964579854152e+00
-1.725346674449049100e+00
1.942929294094307924e+00
-1.798308482839582556e+00
1.621605108417060848e+00
-1.142457130432852797e+00
-1.099132600065189314e+00
4.751644452187053780e-01
-1.099132600065189536e+00
-1.142457130432853241e+00
1.621605108417060404e+00
-1.798308482839582556e+00
1.942929294094308368e+00
-1.725346674449048656e+00
-1.661352964579854152e+00
1.336528775552397352e+00
-5.959833777242902197e-01
7.565172895837651845e-02
6.471190447454977512e-01
-3.585729080900118548e-01
1.424741825127383787e+00
-1.290598313914308903e+00
3.367489346757909785e-01
4.872387509262190441e-01
-5.634119843787006587e-01
-3.724802718959828174e-01
-5.377253512609270203e-01
-6.072334061805153560e-01
1.203758611350408958e-01
4.583191867445617351e-01
-1.812953347502306745e+00
-1.262920687975329914e-01
5.466388148056489094e-01
1.110389233030413259e+00
1.399298340237290272e+00
6.620227771754165769e-01
-2.716198495005378577e-01
-7.850529149904371673e-01
1.772078213879864972e+00
-7.298721079525674060e-01
1.471279879584628913e+00
7.229594525810469907e-01
4.080154726020233102e-01
-9.261386224631062980e-02
-1.577493715743449876e+00
8.111198134793558001e-01
-9.500655453669116790e-01
-2.774774627275569672e-01
-3.194369745070970157e-01
5.515304343049084457e-01
2.631021616452454692e-01
7.088181743522892209e-02
-3.887517974843199831e-01
-8.172547156926840417e-01
8.614741757447202941e-01
1.280454060049706744e+00
-9.581702818230370955e-01
9.561899305844479002e-01
-2.649019956554714561e-01
-4.933408789864086041e-01
5.670210387718888079e-02
-1.110149235609720897e+00
4.489009290428525034e-01
9.443318290396662817e-01
2.968551760094417791e-02
-8.618327994033090356e-01
7.884509989633342597e-01
2.321627460446860525e+00
1.002727505205429193e+00
1.229257924145832792e+00
1.068128934184375822e+00
-8.385254915624214267e-02
-1.095815787541446484e+00
-1.121619914473166446e+00
1.942532242138220733e+00
-8.067425597863117082e-01
1.107198638838120086e+00
1.464771163331420323e-01
8.591610705220669164e-01
-5.067094488437735578e-01
-9.207297358015629207e-01
-3.538027565134336250e-01
6.921811618682225387e-01
-3.081842375414139967e-01
-1.543016499489589410e+00
-1.563672308009023570e+00
-1.941087411439456289e+00
-1.448832330785779776e-01
7.249345109745570781e-01
1.227679044770279448e+00
1.345736315231048863e+00
1.982535760422485138e+00
-1.774232173550136515e+00
1.857405047665614761e+00
1.247920577652530616e+00
3.988720769066117500e-01
-2.885087428287556044e-01
1.646235425000925678e+00
-3.732993001918931686e-01
9.226975044364807976e-01
1.657849493476909686e+00
3.303746891878299174e-01
-1.466006811426798784e-01
1.009380605140041132e+00
4.486155283321453524e-01
6.435105300582220078e-01
-3.210610370710407779e-01
-1.762740892186247965e+00
7.257213479855093574e-01
7.177049387182496964e-01
-8.180437275320134871e-01
2.476866829765877742e-01
1.857850898700583731e+00
3.379818435115330422e-01
3.640227627128567178e-04
6.685750513441651721e-01
1.152189379613531850e-01
-4.465987570962454134e-01
-1.423314889138799000e+00
-6.165789880224423758e-01
-3.824352209407966274e-03
4.390881498497585245e-01
1.279175995293238000e-01
7.958283223800415307e-01
-1.118301555981562778e+00
-6.707008546970228968e-01
3.456565146126502341e-01
-8.989063953565048504e-01
-4.218323127966679964e-01
-1.394672343988412333e-02
2.236257748016500901e+00
1.039636511715912981e+00
-1.182893990524938044e+00
-9.193392730746208219e-02
-1.904994595339548846e+00
-6.428695435311895245e-01
-1.904994595339548624e+00
-9.193392730746186015e-02
-1.182893990524938044e+00
1.039636511715912981e+00
2.236257748016501345e+00
-1.394672343988367924e-02
-4.218323127966678854e-01
-8.989063953565046283e-01
3.456565146126502341e-01
-6.707008546970230078e-01
-1.118301555981562334e+00
7.958283223800414197e-01
1.279175995293235779e-01
4.390881498497586355e-01
-3.824352209408299341e-03
-6.165789880224423758e-01
-1.423314889138799000e+00
-4.465987570962454689e-01
1.152189379613531572e-01
6.685750513441650611e-01
3.640227627129122290e-04
3.379818435115330422e-01
1.857850898700583286e+00
2.476866829765877742e-01
-8.180437275320133761e-01
7.177049387182496964e-01
7.257213479855094684e-01
-1.762740892186247743e+00
-3.210610370710405004e-01
6.435105300582216747e-01
4.486155283321453524e-01
1.009380605140041132e+00
-1.466006811426796563e-01
3.303746891878301395e-01
1.657849493476909464e+00
9.226975044364806866e-01
-3.732993001918928355e-01
1.646235425000925678e+00
-2.885087428287557154e-01
3.988720769066116945e-01
1.247920577652530838e+00
1.857405047665614983e+00
-1.774232173550136515e+00
1.982535760422485360e+00
1.345736315231049307e+00
1.227679044770279448e+00
7.249345109745569671e-01
-1.448832330785779776e-01
-1.941087411439456512e+00
-1.563672308009023570e+00
-1.543016499489589410e+00
-3.081842375414138302e-01
6.921811618682224276e-01
-3.538027565134335140e-01
-9.207297358015629207e-01
-5.067094488437735578e-01
8.591610705220670274e-01
1.464771163331418102e-01
1.107198638838119864e+00
-8.067425597863115971e-01
1.942532242138220511e+00
-1.121619914473166446e+00
-1.095815787541446706e+00
-8.385254915624214267e-02
1.068128934184376044e+00
1.229257924145832792e+00
1.002727505205429415e+00
2.321627460446860525e+00
7.884509989633347038e-01
-8.618327994033088135e-01
2.968551760094412240e-02
9.443318290396662817e-01
4.489009290428527255e-01
-1.110149235609720897e+00
5.670210387718904732e-02
-4.933408789864085486e-01
-2.649019956554713451e-01
9.561899305844477892e-01
-9.581702818230368734e-01
1.280454060049706744e+00
8.614741757447204051e-01
-8.172547156926840417e-01
-3.887517974843195390e-01
7.088181743522903311e-02
2.631021616452450251e-01
5.515304343049083347e-01
-3.194369745070965716e-01
-2.774774627275570227e-01
-9.500655453669115680e-01
8.111198134793562442e-01
-1.577493715743449876e+00
-9.261386224631029673e-02
4.080154726020234213e-01
7.229594525810472128e-01
1.471279879584629136e+00
-7.298721079525674060e-01
1.772078213879864972e+00
-7.850529149904372783e-01
-2.716198495005379132e-01
6.620227771754169099e-01
1.399298340237290272e+00
1.110389233030413036e+00
5.466388148056490204e-01
-1.262920687975329914e-01
-1.812953347502306745e+00
4.583191867445618461e-01
1.203758611350409513e-01
-6.072334061805154670e-01
-5.377253512609269093e-01
-3.724802718959824288e-01
-5.634119843787004367e-01
4.872387509262190441e-01
3.367489346757908675e-01
-1.290598313914308681e+00
1.424741825127384010e+00
-3.585729080900120214e-01
6.471190447454973071e-01
7.565172895837657396e-02
-5.959833777242899977e-01
1.336528775552397574e+00
-1.661352964579854152e+00
-1.725346674449049100e+00
1.942929294094307924e+00
-1.798308482839582556e+00
1.621605108417060848e+00
-1.142457130432852797e+00
-1.099132600065189314e+00
