-5.759668388323614663e-02
9.721429109562114423e-02
5.478481744835173028e-01
3.991021447134374123e-01
-5.052550934806141480e-01
-4.003048037635913992e-01
-8.033269489341390845e-02
-8.860611816739771829e-01
-6.923373244382713398e-02
8.100970523817715430e-01
-3.547361562965379855e-01
-1.968593765631360792e+00
1.305852345481933297e+00
9.522562145893066488e-01
6.112257584886124917e-01
1.451756955444201580e+00
1.462492082108221014e+00
-1.666594206521757826e+00
-1.310627699447519445e+00
1.260581346328263797e+00
-1.064052782742252345e+00
-1.462393446698395882e+00
3.180694877079356941e-01
-4.814869475651519792e-01
-3.012045055665751314e-01
3.029427268249635929e-01
1.306758697831065685e+00
-1.859970637831755425e-01
8.642937133603955102e-01
4.503549150341569773e-01
-2.466162378837391533e-01
-1.057955127422911090e+00
-2.072803730496756813e+00
5.824194299038258915e-01
3.740951757248505705e-01
1.197908985400411019e+00
1.371190804462149249e+00
-1.624068160561031871e+00
3.336505380935496645e-01
4.183278648710092584e-02
3.331105976275706704e-01
5.457718096701668076e-01
-1.599848680961020175e-01
-7.909019487061784703e-01
6.963863818835784869e-01
9.187117881935403796e-01
-1.890637808237254913e-01
-1.631924236542135476e-01
-1.740221506281874664e+00
-3.388176890929968099e-01
3.763248121397934631e-01
-2.165015402408359824e-01
1.258355583519993104e+00
-1.229262704546819851e+00
6.719812900013799606e-01
1.015761223553459880e+00
-3.479730036880234190e-01
8.344835815101936394e-02
1.350102237706246044e-01
-1.137333733710094164e+00
-1.363445239343272331e+00
5.947794958337855320e-01
-6.234893154627557665e-01
-1.546267483328662262e+00
2.468633699988568964e+00
2.104571893662593673e+00
4.504312370184067604e-01
1.655071266308738576e-02
1.206246996295461393e+00
-1.985538948600302556e+00
-1.416660594342732171e+00
1.503570684962045600e+00
4.607564932566255989e-01
-2.455139038461310985e+00
5.166471962564445075e-02
9.480743376708361536e-02
-1.008731550422043766e+00
-2.104009611181428818e-01
2.507363148822405297e+00
1.647289951819929099e-01
-8.539189890217335765e-02
1.099688468201797109e+00
1.048067257783808492e-01
-7.699597961633806165e-01
-8.349195801140960604e-01
9.714139618320430936e-01
-1.158818875213193156e+00
-2.880976861495613273e-01
3.845684671285176104e-01
5.501258019484742690e-01
-2.098955449598363943e-01
-9.685995740282948852e-02
1.037331300775592657e+00
-8.195769231900971175e-01
-1.087988554527097973e+00
-3.950088392434853990e-01
-1.294978416745712124e+00
-9.176377452559225656e-02
4.811764265780210659e-01
2.441142722615742278e-01
1.927272074147224901e-01
1.125627536701366560e-01
1.524689307432155694e+00
7.972705748635026124e-01
1.356962732284366924e-01
-5.908782353322744596e-01
6.713993961842330549e-01
-9.127575972645577407e-01
-5.565336635358297812e-02
9.845044053133072959e-01
-3.187102572198650119e-01
-7.518629684492893206e-02
-3.918359734835419883e-01
1.857578576142288884e-01
-1.140770075446892795e+00
1.499723354687001908e+00
-6.972920495173304811e-01
4.347132043892653064e-01
-2.059662890755706854e+00
-3.474772231370302222e-01
-1.215113616697016230e+00
3.308358517896782258e-01
-1.858266497998666278e-01
-6.959777137219809173e-01
9.147564901279205962e-01
2.843976301139973795e-01
1.595616664681685393e+00
1.334725776896084293e+00
9.167651430749366170e-01
-7.415475664430959402e-02
-7.246504434097804648e-01
-1.141188951005044361e+00
-1.205050283883140283e+00
-8.508719404927305163e-01
-2.439047803499481581e+00
2.320868196260701399e+00
4.582561260082336219e-01
2.754351583204316389e-01
1.483219272318481163e+00
-3.421396742326878737e-01
1.013706087318613225e-01
6.536583706056808829e-02
1.034500963816462171e+00
-1.069162865959095710e+00
-4.482646534188620691e-01
-4.237081860332816974e-02
-1.548707806544535437e+00
4.592066087432487009e-01
7.702644983862233508e-01
-1.416928468358500393e+00
3.443783242322870919e-01
-1.144096601316662021e+00
-4.262881292960788437e-01
4.834471747082414450e-01
1.218850684202049672e+00
1.030021819488173174e+00
-6.144918271283842381e-01
1.505258207267473836e+00
-1.054102804003372862e-01
4.357549871363477489e-01
1.040948985672892402e+00
-1.057373117168082244e+00
-1.601896363637424159e+00
-1.261924512825969957e+00
-8.506507467053581184e-01
-9.911151141300457157e-01
1.196259961523673754e+00
6.341700495521951364e-01
-2.019329051931528785e+00
7.287472384446087581e-01
1.678475482888068138e+00
-1.189128326137055325e+00
-8.116754958430775213e-01
-1.656527705979176091e-01
-8.625694379125683486e-01
-4.996842278839955798e-01
1.209926470029790035e+00
1.907728904960376726e+00
-1.937144988266004120e-02
1.377367357304508211e+00
7.170315193165155421e-01
6.130753656158279830e-01
1.819497168779918628e+00
-3.591609126432109278e-01
-6.065805975546747497e-01
-1.358538654739820162e+00
2.736084245835535000e-01
-1.079588621658020831e+00
4.175940686921572609e-01
9.434471088953571005e-01
-1.694147673384925223e+00
-5.687394736019363295e-02
9.302321624373044440e-02
-1.074299891770123194e+00
1.206469584344961987e+00
6.063983973985966891e-01
-1.766214681457942137e-01
3.260913079887776678e-01
4.593936140993455375e-01
1.021576940317099558e+00
-4.200467760111570303e-01
1.432610816031199885e+00
-2.301499574724460206e+00
-1.107478511362888884e+00
-3.633608281440206533e-01
-1.689528488596418798e+00
1.744599134943389807e-01
-5.655461436574369394e-01
1.273176410154189586e+00
1.257971946173012112e+00
4.571035807442760945e-01
1.373257452160791647e+00
1.612389850765238442e-01
-2.938902179468024234e-01
-1.447127658098816827e+00
6.092584046798945607e-01
-2.370882216581528201e+00
-4.645961653922321410e-01
-1.837693476695342332e+00
8.304575960542330826e-01
3.887700404889727901e-01
1.254368873512883509e+00
-8.156283589613222418e-02
-7.499085367834212867e-01
4.524572098267111153e-01
-6.725091225311458087e-01
6.272034280465556000e-01
7.962178317525265836e-01
3.979509430424150174e-01
-9.155801836693009399e-01
6.764772612340517188e-01
-3.570156188100205297e-01
1.389837495156230895e-01
6.558943417110216778e-01
6.043671150176438411e-01
4.460243532043497994e-01
-6.384921864787156398e-01
3.948143057226133346e-02
-4.271461822574462719e-02
-6.086632674728689185e-01
-1.245974344767094344e+00
-4.571456241923451680e-01
-1.094308019456632808e+00
-8.835126743399298599e-01
9.150783533485782328e-01
5.843488220400517852e-01
-1.734735613040374047e-01
5.845732901543336801e-01
1.675202911399027716e-01
5.608590226663210387e-01
-1.055747076297171461e+00
2.377652689986827217e-01
-7.781416836007060134e-02
-9.902619760706616869e-01
9.014631886890875911e-01
7.038504608579072563e-01
4.282882634078825079e-01
-6.275916614126453297e-01
2.486591148775286975e+00
1.615083031526883817e-01
-1.642563665736187062e+00
-5.124257797228044531e-01
2.080831812661825542e-01
-1.912927273070911260e+00
-1.493619595358108842e-01
1.141188326228399053e+00
-8.908855713452302760e-01
-1.752483690358653146e+00
1.868131900742484586e+00
9.731878063864281003e-01
-1.156405789070821255e-01
1.467392346808880976e+00
1.846828058229502245e+00
-1.811582300052173577e+00
-1.510602007648639278e+00
1.411634653893884428e+00
-8.714576580854662691e-01
-1.562450323814762010e+00
2.393709145166458274e-01
-4.618279621854133876e-01
-2.782719232231165574e-01
3.010603181446491750e-01
1.312515711128419138e+00
-1.910357166459301093e-01
8.670036049448384130e-01
4.503549150341569773e-01
-2.466162378837391533e-01
-1.057955127422911090e+00
-1.976412175947192429e+00
3.214260865797216038e-01
-2.201007930168751014e-01
9.200655743844532441e-01
2.159350522127662764e+00
-6.952600651831748468e-01
-2.548887898847946865e-01
8.200674100365482611e-01
1.303664589099720050e-01
7.355089588380747667e-01
2.801854816331131870e-01
9.454309334337563930e-01
-7.232236761677862669e-01
-8.408522374482596540e-01
-1.661305554441299126e-01
-8.021864289392619529e-01
1.760447595184312930e-01
3.405089076399502868e-01
-6.750098050020034712e-01
-1.021512330478136388e+00
-9.181746758382486329e-01
-9.690461782015039605e-01
8.537294294706820885e-02
-8.994840137236210786e-01
9.604771131986539201e-02
5.989552168409266741e-01
1.046729977566341896e+00
1.093236449621404649e+00
1.312157561551484886e+00
3.704459750812307828e-01
1.527685358131090521e+00
3.753058323519902206e-01
1.839223646024162884e-02
6.905963272816222354e-01
-3.871748676925568233e-02
-1.364499844376491744e+00
-2.888848085739350591e-01
1.168272471131197587e+00
-8.926931495183690890e-01
-1.478080578254239441e+00
2.095199613957224871e-01
-9.096226319407729743e-01
-9.144349382083987177e-01
7.232350316253138844e-01
8.524251283531514289e-02
-8.661085621003983270e-01
7.873853944958305595e-01
8.251653722880738506e-01
2.692877748129120508e-01
1.782073949828399950e-02
1.475770093027053198e+00
-3.690445298056516110e-02
4.587080785377393166e-01
5.953838093873194959e-01
7.870543672068885943e-01
-1.592227128331541175e-01
-1.280755473101349740e+00
-1.158006461960358724e+00
-5.620053503051826160e-01
-1.462826336714067699e+00
-1.038139165397010899e+00
-6.819543077704318668e-01
-5.657195313464715714e-01
8.172053767200121444e-01
2.238897188240558389e-01
-1.909745418397708061e-01
3.990160871271254961e-01
2.213352348351080856e-01
1.739088856734380406e-01
1.853317651175701242e+00
8.308332655746930584e-03
1.107439802147720254e-01
-6.080843290812757429e-01
1.280150687781224317e+00
-6.529293124806911930e-01
6.725163945932504106e-01
1.187216868415099214e+00
-2.036595955441657946e-01
-3.879158068068008225e-01
-2.026595658173566128e-01
1.200826250086193925e+00
-1.052418102159005553e+00
-7.293086563602668715e-01
3.150793494989666543e-01
9.282262663930851421e-02
-8.335460397593219550e-01
4.446152480292688836e-01
9.244160257851390394e-01
-6.165630841062030854e-01
1.419440222896497072e+00
-5.253553220741684626e-01
-4.102801870781874749e-01
-1.687754815968610433e+00
-1.404080205143183324e+00
5.569275347290567613e-01
4.164583083341754088e-01
1.187622113701815474e+00
9.399627988803147538e-01
1.217126820475187277e-01
-1.464635727896755890e+00
1.241804915718478952e+00
-8.425579350201140016e-02
-7.555847055818161184e-01
8.743595320372532509e-01
-9.536434278053198543e-01
-1.666320779179348621e+00
1.567556471725406464e+00
5.616831336079546322e-01
1.051088689063400250e-01
-7.997473858126394886e-01
7.009841898226830681e-01
-7.319975539969136857e-01
-1.645358475696896416e+00
3.007837974167285378e+00
1.094812959682240905e+00
-4.524926495350776179e-01
9.426652998570330677e-01
2.782583691524876945e-01
-1.723708642787931344e+00
-9.484997147811407014e-01
1.387918428533302162e+00
-1.839330543788125993e+00
-4.105677337201587007e-01
-1.440614462751855229e-01
-5.769408917810885384e-01
2.699777355226667952e-01
6.042884903804135455e-01
8.356406998062071434e-02
-9.889212352252163551e-02
3.465824211231580687e-01
-3.308030234123451874e-01
5.441049017295054302e-01
5.838257243121962592e-01
5.359791124991036826e-01
5.807833511599989063e-01
-5.186813660671665271e-01
-2.905957272830022586e-01
-1.790487048327264574e+00
-4.839816086470076772e-01
2.195021869122699698e-01
1.230191219161293370e+00
8.030499844767201578e-01
-1.134182354838156437e+00
9.581692629489613200e-01
-7.260837332153393664e-01
1.339562906216165361e+00
1.202814561612753907e-01
-9.125589822375960170e-01
-5.875186032071761932e-01
2.806590005612527583e-01
3.772979371305833496e-01
1.348014896403968987e-01
6.548317691767595594e-01
-9.669002806679030115e-01
-1.432533197942663650e+00
1.159435281669555673e+00
-2.677937268849637231e+00
-8.538886438762616216e-01
-5.489157969078274357e-01
-5.476190619459544440e-01
5.415638282783944435e-01
2.103716418696036872e+00
3.309793512321585141e+00
2.459660413464122009e-01
8.019675713421716701e-01
-3.665490726056965798e-01
-1.052798103265839780e+00
-1.825605955432223482e+00
4.780793337615396599e-02
-1.812851497451877236e+00
-1.781340416674440430e+00
-1.839514414124659991e-01
1.335300476490592470e+00
1.379169082015951675e+00
2.513239728534739648e+00
3.228355711887871404e+00
-1.030989329432198343e+00
-1.344605474595073513e+00
-1.693338526060412130e+00
-9.890146090664254652e-01
-2.394504541047665747e+00
1.078614835228103086e+00
-5.961838178050941073e-01
-1.418425348707798905e+00
1.257117503062019637e+00
2.796088200670069357e-01
5.116813627334659831e-01
6.211833372048288782e-01
-7.046217068503716208e-01
4.726637128463760940e-01
-2.730671304615219785e-01
1.137494437315458962e+00
-5.671369449040870592e-01
1.460558611176512589e-01
3.697835192096188273e-02
2.486819346997581337e-01
1.509684294987859943e+00
-6.825173573761069701e-01
-3.093841749349626746e-02
-1.777175482451939681e+00
-9.482418325482262489e-01
2.782578519772194170e-02
2.461912390384419225e-01
8.952111769781825323e-01
1.162182250302346009e-01
2.546011738580752359e-01
-3.206108202087089021e-01
7.694052937802315917e-01
1.032321891888763887e-01
-1.271882488068059258e+00
8.238409926361605073e-01
-1.952263218241303000e-01
-9.140075379399735800e-01
-5.244064439221945984e-01
-1.190356469415054796e-02
-1.289568758083293742e+00
1.319874687468149288e+00
3.315182304503272448e-02
-2.155752938554424070e+00
5.487442985747053026e-01
7.436752745322878777e-01
4.218840914598593894e-01
1.040720714347078690e+00
2.327175616069814268e+00
-4.811323969899833353e-01
-1.715730919368940288e+00
1.068926194732180646e+00
-8.725378684272994123e-01
-5.561866904864913863e-01
6.766778288905331284e-02
1.556702795802924033e+00
-1.763561505501837434e+00
-1.285689763566139954e+00
1.684104647979234315e+00
-4.403216228085216066e-01
-4.042767930896675743e-01
1.026621948260162842e+00
-1.539918421915398739e+00
-2.778890777631981557e-02
7.571355655068670032e-01
1.061464130789457005e+00
1.311559684151197835e+00
-9.127912347356648137e-01
-6.060009401914014937e-01
-1.603449222479352843e+00
-5.184305324645974711e-01
-1.521101566967000551e-01
1.072351545114561322e+00
-2.650668982804212925e-01
4.486395386229766746e-01
1.327179380999285563e+00
-8.444422402349559542e-01
7.093227993441456602e-01
-4.555817903463166285e-02
-5.103620658596617066e-01
-7.709135124987869236e-01
1.592587620526631498e-01
4.930813393135225486e-01
-6.816302712481187021e-01
8.267678359045138592e-01
9.506355364050389500e-01
1.062105409080591034e+00
-1.443510766472144491e+00
9.813631899303532080e-01
-8.453623473945651723e-01
-8.444098411930134329e-01
4.813932974283037236e-01
1.431712523984558949e+00
1.535910767886066730e-01
-9.125796411999650415e-01
2.210679191777756014e-01
-5.485621726793029618e-01
-1.264573950413488412e-01
4.317100386493549768e-02
-6.901297186740409373e-01
-7.613061896282616869e-01
-8.354604647101683268e-01
-9.720860927922327921e-01
7.776334509144333662e-02
-9.329875683447677037e-01
6.164264190478010996e-02
6.081291023620702951e-01
1.034126383293267892e+00
1.096654714243269435e+00
1.309475304757669267e+00
3.704459750812307828e-01
1.527685358131090521e+00
3.753058323519902206e-01
7.220508604684056086e-02
5.004350286640120160e-01
-2.458196381070966163e-01
-1.042098577519456004e+00
-5.976863131105436544e-01
6.927859312730502150e-01
-6.548097379788155037e-02
-3.281918412568253784e-01
1.555068017178462825e-01
-4.810795869033921979e-01
-7.943976386474521645e-02
-4.247157974304492378e-01
-2.222426126318554074e-01
5.648299766305465708e-01
1.842030012077870982e-01
-7.370378539225386216e-02
-7.645527424529687810e-01
1.080937374564306719e+00
-1.117149422482478283e+00
5.170543472151507558e-01
6.115846790067052119e-01
-1.527417750542462205e+00
-1.654403953355582768e+00
1.090795177252093406e+00
-8.945550493642870915e-01
-1.550337580563564188e+00
1.677705208619110655e+00
8.217779022896922747e-01
-2.583893839278522675e-01
1.540409749424342278e+00
9.888378842062971463e-01
1.044008499163921133e+00
4.109923901367168453e-01
6.143479161384207687e-01
-1.242150129489022481e-01
-1.144727158513487719e+00
5.396683118908137677e-01
3.764102515056386156e-01
-6.727049481567773936e-01
-1.692254625314674410e+00
-5.194384725561576044e-01
-1.027883195733445554e+00
-3.870924694791755272e-02
1.022100076616543340e+00
3.709511735992427339e-01
-5.102362111215639207e-01
-9.083591598454976435e-01
1.118811180373078251e+00
1.149926930627943822e+00
9.810106758608651001e-01
9.877384191486294762e-01
1.575424851077090072e+00
-1.018667491299060535e+00
-4.015833503339081290e-01
1.026024863542599475e+00
-1.791777676540715181e+00
-1.314274289972943821e+00
1.356085959594382384e+00
-1.971193297320903204e+00
-1.153023144600130001e+00
1.878108403376503310e-01
5.043068615668625521e-01
-9.535978688853354868e-01
9.514078850196607817e-01
7.479950497476504090e-01
6.500762409796528862e-02
-6.368858674265959197e-02
3.172483811052991820e-01
1.226390802374005107e+00
-1.172412353012086683e+00
-6.541352907895390256e-01
-2.917914025286452717e-02
1.113315116467941346e+00
-8.518200680701202288e-01
1.657020078225558635e+00
7.612547075454665357e-01
-6.947960668110968463e-01
1.606311801447266596e-01
1.880235949139464458e+00
1.199505581091830919e+00
3.728493547038701506e-01
4.452651050992018078e-03
-8.704841422331336398e-01
-1.260214308528764260e+00
-1.889996075431579214e+00
-4.415694615943630552e-01
-6.005478899068428245e-01
-1.207380761293189497e+00
-2.097992905292578314e+00
1.610433600893626194e+00
5.428995651480141849e-01
1.355990674819182173e-01
4.167235344558097854e-01
1.426074674948132559e+00
2.280094161119379792e-01
1.170379833891530774e+00
1.752419484129984717e+00
-7.375291717141697623e-01
1.853280390215451545e-01
-6.456741712872768879e-01
-1.047077872800832088e+00
-6.171669510341981635e-03
-1.855177815218621351e+00
-6.115478973657506589e-01
1.538383588224033760e-01
8.336685457394515941e-01
-6.991790144848486488e-02
6.096623438991017885e-01
1.948397385050968600e+00
1.213450798888659476e-01
7.723419388194807667e-01
7.265427331730399674e-01
-1.715334435889821929e+00
-1.984014068371125816e+00
-2.772868741922209224e-01
-1.197086051408026819e+00
-7.310729726912756909e-02
2.335518533495091642e+00
-3.402709912794893432e-01
5.121310109413341749e-01
5.103223282049639264e-01
-8.478148549966818548e-02
-4.921062607707381575e-01
-4.405390207227047328e-01
-3.768016898145210014e-02
-2.769385454945422431e+00
-1.054318158135249206e+00
3.010774616340221588e-01
1.135790006490577264e+00
5.271973762868262803e-01
1.575801116329679896e+00
1.347398334931009245e+00
-4.968993397257733258e-01
2.214063791234241130e+00
-3.619637707426807127e-01
-1.692071461842916125e-01
-1.796905178087574440e+00
-7.144026371058576075e-01
-9.115167501852939891e-01
-1.184900057984676458e+00
3.232109603068202830e-01
-2.836618291713735029e-01
2.499790455862305194e-02
2.577083611806163521e-02
1.736646907460397404e+00
-2.142085557810258223e-02
-2.342193316242008883e-01
1.511882467197225577e-01
-9.601193922773297862e-01
-1.709456591525293501e-02
5.715609821253107015e-01
4.447416225914178067e-01
4.272983291472282064e-02
-9.357326475960137113e-02
9.152320926615138408e-01
-1.072580904516682754e+00
-8.817776630330838028e-01
7.752470967268974000e-01
-7.339337121404274633e-01
-2.229773920342612126e+00
1.201716872131491032e+00
-9.026130038794729638e-01
5.030840199248254319e-01
6.315983158768971872e-01
1.553785565985736694e+00
-2.775066878067773857e+00
6.764223830169528995e-01
1.373062697137615862e+00
-1.782560874688828623e+00
8.610815304213090826e-01
1.331022035771218581e+00
-2.746711642618769211e+00
1.713018655053130779e+00
4.155944817640766509e-01
4.830963836726467897e-01
-7.724166296529297870e-01
4.066999125952788230e-01
-5.046445146431688400e-01
-1.242086450894020366e+00
1.229388050616904593e+00
-1.271714499414721145e-01
-7.504264765286839944e-01
6.349018011449544252e-01
4.236737897574745504e-01
4.592889762183086089e-01
5.987321513920255134e-01
1.067187989722292452e+00
8.671541820959355329e-02
-1.083058899422308929e+00
2.241740373217696314e-01
2.598683045254991941e-01
-6.482256203502633207e-01
1.430223466308270908e+00
1.624832923985899402e-01
-1.486183918377325663e-01
-1.131056069459976943e-01
-6.434487665479986518e-01
-2.834515737995058071e-02
-1.831623674539263558e+00
-1.887097900163494935e-01
-1.633146691395499062e+00
-1.030479321789650182e-01
6.282625624412014886e-01
2.157544603885143353e+00
4.302872706563714011e-01
9.098575399921859930e-02
2.129905430737153438e+00
-3.117273773093405254e-01
6.142505983680975890e-01
-8.736830156523804902e-01
-1.293790950145188523e+00
-2.283151598820092332e+00
-9.887302669111279751e-01
6.543749394950313381e-01
-1.182728787308947593e+00
1.193886223854566941e-01
8.578248814945290679e-01
4.652448948727593292e-01
-3.501220020475874772e-01
2.286040531538952258e+00
2.697434769230587781e-01
-2.103222903629991869e+00
-5.096743881516019314e-02
-1.685829310797730241e+00
-1.037293105500212143e+00
8.751372574191716991e-01
8.307715632407032258e-01
5.818520540349151338e-01
1.159296670475835622e+00
1.158855957124788283e+00
-3.224339313117225436e-01
6.325576606294028847e-01
-1.081364460881185097e-01
-1.071754630724756741e+00
-1.744808605030187643e+00
-5.234629241489955342e-01
-9.760781555889893601e-01
-5.617060791498685868e-01
9.687967281948055565e-01
-3.227519796031363963e-02
1.435158720905106655e+00
1.479647733454283021e+00
-6.943968628626212558e-01
1.478432843633435301e+00
-6.044463408501062895e-01
1.683506341392930761e-01
2.344652803076268111e-01
5.700691504776781438e-01
-2.008218399069086946e+00
-1.847727916546823668e+00
-4.269303226169239851e-01
-7.627150395629577195e-01
-7.106562556930329233e-01
-6.636505611962286721e-01
2.283828561711330474e-02
1.816400441954904299e-01
1.337004980897005924e+00
1.435351073460267246e+00
2.260697293730936863e+00
-4.159273672981573799e-01
-6.267894969132739580e-02
1.150746177826355465e+00
1.379051371653879032e+00
-1.600556084225933207e+00
8.382418001908348293e-02
-3.478284226414625757e-01
-1.238682513978078825e+00
-4.145506679612679934e-01
2.886914661371876023e-01
8.417502333645858759e-01
-6.721622962533638779e-01
-1.365463884304548015e-01
-3.290056876806952690e-01
8.771333175292294060e-01
-1.480559154732228100e+00
6.294905207935276303e-01
9.140139073096473776e-01
-1.593606147849973675e+00
-1.759795886110351981e+00
1.116193461055305258e+00
-8.612442534558607532e-01
-1.554284653123878535e+00
1.688433033103978298e+00
8.140982266224341402e-01
-2.547171028745237598e-01
1.540409749424342278e+00
9.888378842062971463e-01
1.044008499163921133e+00
3.399486475901948301e-01
7.832907400734132608e-01
4.793731623240472528e-01
-1.326814983872209641e+00
2.278250060457008841e-01
5.857279976597640214e-01
-1.114442568670300115e+00
-1.918152061334198688e+00
-2.065526405423042666e-01
-4.823540710798421838e-01
-1.000639573218405243e+00
2.035873455590067493e+00
2.105730151983919995e-01
-1.029003245818892243e+00
-1.551797561848540508e-01
-2.383856391321484969e-01
4.972545190931386139e-01
7.359209341709027630e-01
7.164291801073108257e-01
2.641029868433232286e-01
-8.830088189184666092e-01
1.714681966753200948e-01
8.875112859461170567e-02
6.406845268298411167e-01
9.578850592756875670e-01
-3.503644713892276052e-01
9.873636019698052158e-01
-1.107470133288556591e+00
2.232903386191989470e-01
9.225603971716856977e-01
-1.226256394364006463e-01
-7.391029285301069507e-01
-3.539146204646401173e-01
-1.302026696705897768e+00
-1.497399481705418145e+00
6.418890877210332579e-01
3.212465803516406648e-01
3.677262923177060938e-01
3.248956048980134459e-01
2.929117743435698529e-01
-2.179660544541239253e-01
1.741037800722835538e-01
6.789412258616356333e-01
3.519559770114630282e-02
-1.830852108178931681e-01
3.236662166236177196e-01
-1.283602915093476016e+00
-1.615717852896043194e+00
2.667103786751886529e-01
-8.068958886573160960e-01
6.502546677251157536e-01
6.222700779736387577e-01
3.674814399736392456e-02
-7.967906763970236117e-01
7.076347733069312529e-01
4.991060650346694771e-01
5.819245617781998448e-01
6.843831010109684421e-01
-6.628827246784054772e-01
-6.217192874245158762e-03
-1.177191055590770974e+00
-2.914330684211597911e-01
7.193545435820758449e-01
5.516409437914091551e-01
3.680833190841825697e-02
-6.849979389715831202e-01
-3.817423313067773161e-01
-1.131366922434683620e+00
-6.003332223145909641e-01
1.250561681311904927e+00
-1.560164937343489155e+00
-3.911934540040786779e-01
1.140675372040912183e+00
-1.948448682721929948e-01
1.277889280856669529e+00
1.196639761368194055e+00
3.619428669017291100e-01
-1.400086246963136105e+00
3.130833871119056422e-01
-1.260100173482104458e+00
-1.081206218426815413e+00
-1.992774055620476492e+00
3.948066229281409489e-01
3.109128179186945173e-01
8.438299506464859157e-01
2.020428969159465460e+00
2.281429630013691590e+00
-1.085430395078732513e+00
2.983847247248085921e-01
1.164708254118500763e+00
-1.190475412261459809e+00
-1.604141517411089124e+00
8.109729026042472588e-01
3.811508650628832595e-01
-6.198516957882724832e-01
1.311731719982566879e+00
1.301582066399592064e+00
-9.198517792891954814e-01
-1.292466034326079427e+00
4.822273796825287118e-01
-7.436274817314920682e-01
-8.725295970393912581e-01
-3.777402908699690753e-01
7.707679514463420256e-01
-5.772263221815865375e-01
8.464990141611815622e-01
1.443068643958805186e+00
2.678922524344317102e-01
-1.775697712024873476e-01
-3.865902807182358680e-02
8.048700956709738952e-01
-3.112298783170631689e-01
-9.402144311804010446e-01
7.123540431969626052e-01
-5.675680754614009782e-01
-1.347906048678950031e+00
-1.215526780687373964e+00
1.415067473477261917e+00
-1.962819269065516181e+00
-7.980628896430466135e-01
1.195083668453676973e+00
-1.760175054495283775e-01
6.632191964467538670e-01
1.196241939222361550e+00
2.349550400372131698e+00
-8.075479516478749620e-01
3.986105146400167332e-01
6.583992960759725843e-01
-6.008396803139146591e-01
-9.224624258367442042e-01
-1.650385352838614761e+00
-8.856130594930322619e-02
-1.849343645701394978e+00
2.353773397661317046e-01
1.329630786933587050e+00
-1.210350511499828641e-01
2.847093257251406939e+00
-4.149792584011544605e-01
-8.655063990819723552e-01
1.110723237195438695e-01
-1.488054584706195893e+00
-4.034794686312490608e-01
1.482567714444873896e+00
4.130431682963081608e-01
-1.661939231901744529e+00
-4.929497334425494426e-01
5.810413506984490883e-01
-6.626484496030787819e-02
7.014955955045671931e-01
1.399762367953983677e+00
-6.428233579654485386e-01
2.210756643138709898e-01
-4.450023839807499826e-01
3.961922473460064986e-01
6.003265384542588734e-02
-1.534131176700553878e-01
-1.408819391203497862e+00
-4.967316277585197004e-01
1.514185109349418523e+00
1.278859866178180482e+00
-6.200595592084527929e-01
5.979966805109113714e-01
-1.713367900992899706e+00
-1.342433474903407031e+00
7.102199314716761691e-02
-9.101773346489228089e-02
-1.477623361425581816e-01
-4.264448446371825185e-01
8.069725273917305319e-01
1.179306444443834478e-01
-6.798931384339050865e-01
7.991138965966515517e-01
1.291069712981863793e-01
-1.229576498981206356e+00
-1.918632670147088604e+00
1.231196386116503394e+00
-6.969839709775110803e-02
1.047341176444660071e+00
1.702146162954752961e+00
-5.438012039731521252e-02
-1.063962259367618124e+00
1.830314873612234883e-01
1.670013785413245466e-01
1.523106404718190809e-01
-4.919868583335365031e-01
2.972962265852612251e-01
-8.607474740250713463e-01
7.716184725561184843e-01
1.805598811362374878e+00
-2.080997896423826266e-01
1.048317833545687194e-01
-9.578152028681723440e-01
-1.885447608271765274e+00
2.376124893760969137e-01
1.043091168055992890e+00
-1.296112257775040355e+00
-7.017749379444415680e-01
6.006593093050109911e-01
-1.297245974085113884e-01
-5.245578771025830589e-01
1.850333168322893851e+00
1.883309677724953612e-02
1.436847365503410301e-02
2.269207082193540337e-01
-1.674227770548582406e+00
3.503556653839769996e-01
-1.046091987095238984e+00
-5.988472604771252206e-01
-2.068044478475541403e-01
-1.094130660100722130e+00
1.354032981288088466e+00
-4.706972608842918682e-01
2.237868082099342182e+00
2.309276017853439722e+00
-1.556076346754050599e-01
4.159476351613485834e-01
-5.923011061725615978e-01
-1.246339754750322992e+00
-2.802351397512690578e+00
1.517682346641955338e+00
-3.176729032843590428e-01
-1.403224819936062184e+00
8.336828054290890133e-02
4.612882715874541684e-01
-1.815068370672082154e-01
-6.999698361832453752e-01
8.999380151729849953e-01
6.841752568778735055e-01
-3.298801388839277260e-02
1.025019848551388835e+00
1.161207001666476391e+00
6.104392813434198484e-01
-1.412971015746858239e+00
3.800378878144864414e-01
-1.411691343689723543e-01
-8.538131215805193630e-01
-6.491646308327130299e-01
3.284096754449247202e-01
-3.615882836302718450e-01
-1.356941421726015395e+00
9.324278284548059847e-01
1.202958390811951439e+00
-3.309525916548831104e-01
3.286759308369635590e-04
1.254262373152704724e+00
-1.512075863374819029e+00
-7.556143591243621449e-01
8.865799746858935571e-01
2.712462824471953415e-01
-1.701854769222378216e+00
1.988280180627758575e+00
1.745845810261095199e+00
7.129051145335357775e-01
-7.013168097227012732e-01
8.181181464557699123e-02
-1.619544055100535340e+00
-1.744228323864554842e+00
-1.541637030998603164e+00
4.597994837467114793e-01
-1.229090272889199031e+00
-1.185900971038976737e-01
2.617345749890293227e+00
9.974808762621414360e-01
4.030026823946065151e-01
8.150393103532296291e-01
-2.046595496831055128e-01
-1.777291092990629595e+00
6.966523350951207005e-01
-2.401060201231852709e-01
-9.625771050985215682e-01
1.014068803906787025e-01
-1.010476316674661090e-01
6.880834690600059478e-01
7.345328592783650912e-01
4.728118154978678822e-01
1.227858569210579787e-02
-9.320423511805483452e-01
2.415206507090176258e-01
1.601982887835288472e-01
6.531035713697919132e-01
9.592034044175939966e-01
-3.460119370693589547e-01
9.886367145585057692e-01
-1.105258231948296421e+00
2.229820371578379867e-01
9.225603971716856977e-01
-1.226256394364006463e-01
-7.391029285301069507e-01
-3.335839073105673624e-01
-1.405256873584090904e+00
-1.592830294167082439e+00
1.300044708311321351e+00
6.658613062571923091e-01
-4.549815537807944121e-02
3.400109883140977063e-01
-5.672034161210370851e-03
-9.297695018472798001e-01
-7.702298998513362749e-02
1.616104753025247920e+00
-4.218076353365275422e-01
4.981740078715909403e-01
7.014253727769155233e-01
-4.937865662713089576e-01
-1.622197068302928535e+00
-1.340661732618214641e-02
-1.392329879919265156e+00
4.622564962017050583e-02
-1.358272275040367738e+00
3.861084442211947243e-01
-3.181103616779515364e-01
4.434372264889684390e-01
2.541817124372875991e+00
1.798931154770578411e+00
5.539119156386078657e-01
-3.725190300109036956e-01
-1.923990375084989823e+00
-1.347310295184106277e+00
-9.852737051187783202e-01
2.695082882136192737e-01
5.219998200924692577e-01
-6.785236402114929177e-01
1.608084265181572103e+00
2.469028157268525758e-01
-1.090305665516237310e+00
3.357407220117054614e-01
8.159288887757940589e-01
-9.564588352449436837e-01
-9.738840763451712679e-01
1.332608263469177601e+00
-1.920875457865726110e-01
-1.010251909275884152e+00
1.196457484156216555e+00
3.507387537556740931e-01
-8.534524253064306176e-01
-3.170943748056265221e-02
1.088072908618694878e+00
-6.427195709100990140e-01
-1.739274665875898962e-01
1.157311996329381865e+00
-5.703859478578177100e-01
-1.249230282141924331e+00
-1.716303328742505574e+00
7.031559817650696598e-01
4.850965006873380614e-01
1.163566520850644270e+00
1.689038919526284932e+00
1.116583851094262281e+00
-4.083738931471498912e-01
5.993832558937226551e-01
-1.272772095040041185e+00
-9.919439623051784505e-02
-1.952524882456776689e+00
-6.996739201394863716e-01
-1.305995522207029857e+00
-6.790871466512787835e-01
2.658268737677510707e+00
1.235124948709523274e+00
-5.264602478570017396e-01
8.028810889695248143e-01
1.360119788007475572e-01
-9.436920361457790118e-01
-7.849430496645650734e-01
9.314428953721312077e-01
-1.416440978838421072e-01
-1.066926356160813327e-02
1.383149326562740145e+00
1.333126241955755464e+00
-1.488626634070099097e+00
-1.435404925587018266e+00
8.416162401789377689e-01
-1.634224506528444421e+00
4.416751722580771755e-01
4.465509687424521479e-01
-7.565518950693003175e-01
-1.325831538552753042e+00
1.100768601205129871e-01
3.010378125865719734e-01
9.967252994927655596e-01
2.724203430188215647e-01
-8.510218616915121714e-01
3.639741419258792354e-01
6.926402475079823651e-01
-3.661001944973729105e-01
3.485716223334186514e-01
6.463740924148679845e-01
-4.692247819881185666e-01
-1.690583229085249606e-01
3.201227501063413916e-01
1.215626454845129878e+00
-1.855699171160854366e+00
8.464396774221165654e-01
6.881737467182333923e-01
-2.190011828476260636e+00
3.824668306936236384e-01
1.010054797163933094e+00
-7.521124484905985508e-01
-8.970094481622707949e-01
1.303387426552235162e+00
-1.836537691812571094e+00
1.077233794451162296e-01
1.228531025302241009e+00
8.856768603247280325e-01
-6.294276342249259804e-01
1.433786856835382872e-01
-2.488504829121166440e-01
-1.072412660254832506e+00
1.637010929177869611e+00
1.104046179299138952e+00
5.876829055860455231e-02
-4.497412705120452103e-01
-1.634630015615736287e+00
7.743770271154910567e-01
4.350626641570576880e-01
1.000193396514281741e+00
4.964373719017313169e-01
-6.322918865597922933e-01
4.229358916831293946e-02
-5.804985684448512595e-01
1.462002972900725561e+00
-1.389053978845210979e+00
-6.014084163566975061e-01
-6.869596427444185638e-01
-1.456593067192386570e+00
-8.534293956950517179e-01
-1.455670664119694535e-01
3.189041830729092419e-01
1.392671786269990442e+00
2.076200840869276032e+00
4.271665717482057145e-01
1.060885926187989714e+00
5.350254746254690108e-01
-4.146937460552788113e-01
4.753497583508092816e-02
1.107575307685574550e+00
-2.603747547029853227e+00
-1.851880733806821278e+00
-1.436450510882366083e-01
-8.268648203839243926e-01
-1.240001927474946863e-01
1.081946623484984160e+00
1.088756957854063234e+00
5.091101281857566274e-01
1.105102018266648001e+00
1.933699655049179178e-01
9.072507077283359367e-01
3.032513448601690254e-01
-2.459056179361843175e-01
7.364144166251873624e-01
-6.269255859906893713e-01
-1.229383758108730351e+00
-3.500132652961198687e-01
1.836751631251157257e-01
-1.810894833857208841e+00
-6.944373514761181809e-04
-1.151445193440263637e+00
4.636636446685509227e-01
-3.841560995245384413e-01
1.057791693332568173e-01
-4.544642595779714855e-01
-2.722567334890350077e-01
-1.057090456511181165e+00
7.160059688467544925e-01
7.907405657373208774e-01
-1.053237234121527255e+00
6.056193848022715098e-01
6.925551321841630914e-01
4.625612552309605885e-01
1.022558631440735999e+00
1.204327978391062315e+00
4.788738298011812056e-01
1.317363439442188700e+00
3.952738634997361444e-01
2.037386154410256722e-01
8.559251656538837683e-01
-1.285660236993316552e+00
-7.837081696957345356e-01
-4.296052268536268426e-01
-1.497064293489232867e+00
-2.306429888146524387e+00
1.107231292667040901e+00
-4.268143662617218670e-02
-6.712102421140528907e-01
1.096506750815520626e+00
1.094634168623972670e+00
7.899510466799113395e-01
1.445480432472323606e+00
1.224208727193812463e+00
-7.191256249810940027e-01
-8.921061532730414356e-01
-1.848502011585617888e+00
-8.000589777158030325e-01
-9.685306289029250726e-01
-3.648019761327324639e-01
-9.126358967271660516e-01
1.223033347136071924e+00
-7.256282631826416196e-02
-4.713088303178892269e-01
6.490337195309807683e-01
1.503373463913794672e-01
1.823693770493632904e+00
3.778030735903339377e-01
2.919352192312579253e-01
-1.409096487215453886e+00
-7.049416131498466020e-01
4.683639643961657884e-01
8.691519934596871888e-01
1.792697519890801949e+00
-1.113114712942063989e+00
-1.178132891286180595e+00
1.013054121253986750e+00
-1.118413339889172020e+00
8.932370749277531718e-01
8.067538387549169077e-01
-2.040978433965940919e-01
-2.051906679733913386e+00
1.002711789437313650e+00
1.825732040469453255e-01
-1.480618394214756384e+00
1.411430048555800010e+00
1.933253864960049473e-02
-1.303214610977654120e+00
-1.398705863991406007e-01
1.155913650669131432e+00
-1.105258722970896557e+00
1.126098137968975843e+00
1.065599387410597565e+00
-2.951573859745476036e-01
-7.374104071624599799e-01
1.649297902143619932e-01
1.282019893791138454e+00
-8.521283617023954760e-01
7.738095404149004652e-01
3.921038192160632430e-01
-9.906298773956377923e-01
2.884543204290093699e-01
7.992870659740416439e-01
-6.114772198136749770e-01
3.819394275178936149e-01
-1.289646716495071566e+00
-4.286957825306277892e-01
3.300057207950423677e-01
2.008135153788246363e-01
-8.306478098713447888e-01
1.866870877722756061e-01
-5.813265683532129469e-01
-1.047484548834595408e+00
2.029290191763829743e+00
1.218834370181311577e+00
2.253124371985627539e-01
-9.903017146291505091e-01
8.697421018872262266e-01
1.633207675006052018e-01
-1.055606142069438924e+00
5.344766227608770404e-01
7.705923762846440539e-01
-1.018909742817078357e+00
8.510434551297394457e-01
1.385375987929260422e+00
-6.613228721606996263e-01
-1.845586127151716882e+00
3.719483966074626502e-01
-1.276543904773576266e+00
-2.784730867509501717e-01
-1.546743060183516594e+00
5.323650423021831779e-01
-1.592180261019495169e-01
4.382763791651176355e-01
2.481419903136414362e+00
1.787825199692786082e+00
5.483862456351102921e-01
-3.706301314044674333e-01
-1.925589940995221738e+00
-1.349022175781299904e+00
-9.852737051187783202e-01
2.695082882136192737e-01
5.219998200924692577e-01
-5.647997466760006358e-01
1.159225820219797143e+00
-9.653229547985775483e-02
-7.899150869579146805e-02
3.107881482346562807e-01
-3.613870395303780958e-01
-1.467435416859444786e+00
-2.274030234483762625e-01
3.908265696518266608e-01
9.588939086391397026e-01
1.501169618278495266e+00
3.220806570897880583e-01
-6.192295194593033791e-01
-1.057338824122242338e+00
-1.336179272026132292e-01
-5.111439445369631018e-02
-1.360757710048931424e+00
8.159537415123002679e-01
-1.214921114675205249e+00
1.478276453738569973e+00
7.913563130240446331e-01
1.311845396849391054e+00
2.787984371011363316e-01
4.168689378091367526e-01
2.020454973019810141e-01
-1.849682853571766206e+00
-1.040110305790264533e+00
-1.505719535739629578e+00
3.384527692140987254e-01
6.891372344291919472e-01
6.580536874929621138e-02
1.440223101610138778e+00
5.432345144476150578e-01
-6.147052730692579292e-01
8.725274768023265626e-01
2.936794285464345289e-01
-4.511867058911732675e-01
-8.324105756967420389e-01
-6.110458525044066835e-01
-4.487893554498549875e-01
-2.223287193277445617e+00
-7.340217628204002143e-01
-1.451651776979566710e-01
-9.378204334895660077e-01
1.919224303666194342e-01
1.255604047549339075e+00
1.767248536402343362e+00
-1.616339882161790809e-01
7.955538213843429407e-01
1.434619850010123043e+00
-3.849232259758894603e-01
1.392045106267544297e-01
2.565309782317698462e-02
-1.036780862419117266e+00
-5.183509188838296700e-01
-7.442519455915190818e-01
-1.510920582895655118e-01
9.137163598581605761e-01
-1.054259104834982752e+00
1.852837795246492725e+00
3.815689555553206658e-01
1.159114313629342918e+00
-6.272338145076721272e-01
3.890893956079956029e-01
-5.400489821468016371e-01
-1.846225550864242004e+00
-7.479088908948172687e-02
-1.397602903413035502e-01
-1.273650066951516613e-01
6.463466763368352908e-02
1.089185572496733645e+00
5.322947915555001908e-01
-4.799014269249398668e-01
3.267930243463461615e-01
-2.403937358833872828e+00
-2.743607769433781485e+00
1.366563304932627121e+00
-9.151516559333795486e-01
1.357062648281508910e+00
2.824893369840769441e+00
-3.460506068543578451e-02
-1.570801282979544133e+00
1.392635141773197471e+00
4.452310535888320819e-03
-4.187020244512584810e-02
8.924413896955072367e-01
-2.937677545006234237e-01
-1.470461630005449383e+00
1.404346341156343936e-01
1.320357926265009585e+00
-3.770650016974563812e-02
-5.819621004831432298e-02
-1.000404274565918961e+00
-4.803736673736935803e-02
-1.155040939408636280e+00
-4.150976484941460432e-01
-9.497279419324732297e-01
-1.124076014806791313e-01
6.028703676718388804e-01
1.098531871813414496e+00
1.010908170123975047e+00
3.936607173003153215e-01
1.254169830528173435e+00
1.381808746690895706e-01
6.704007738376447367e-01
7.534894334859749687e-01
-5.564701019270926752e-01
-7.802373294005598980e-03
-8.720180669989736622e-01
-5.045272142970735896e-03
1.649630917535214181e-01
-8.205454325144162508e-02
-1.424361527416586393e+00
4.953606755466205547e-01
-1.082138293715734889e+00
-1.190444488714899496e+00
-4.834687853167085603e-02
6.537698885759141154e-01
-1.170531710979699991e+00
1.305431892195586085e+00
1.935242415436893015e+00
-1.768618322265240739e-01
6.118519096365768739e-01
1.688497098139029706e+00
-3.318051677244737152e-01
8.229686246438283614e-01
-4.140676784106720465e-01
-2.172898321426646184e+00
-6.780743781942548676e-01
-1.699266701507751165e+00
8.057105491195086788e-01
8.556187831840480484e-01
3.736213672867694235e-01
6.123840848872954545e-01
-1.017873828129381431e-01
-7.929029115720143128e-02
4.452457872651949256e-02
6.426578854067424018e-01
-8.608633682775315710e-02
-5.995312717934897506e-02
-4.300538731427971384e-01
-1.671854812409976132e+00
-7.206835741617595437e-02
-1.097974058586439483e+00
1.103467690757323982e+00
-4.740579830375380999e-01
9.545245133100080936e-01
-8.027665920682420797e-01
2.505971337975521074e-01
1.559978728213693433e+00
-3.035293104406701081e-01
6.075514391937850700e-01
-3.181267330204801125e-01
-7.361937484821072797e-01
-1.037600924574981320e+00
9.238461623297139491e-01
-3.714064581246489527e-01
-1.240551260470619921e+00
9.229045340130893615e-01
-9.787978018648996192e-02
-4.583157296723200935e-01
8.313346155159420103e-01
1.690218427059176021e+00
-1.364936925312673743e+00
5.349911062946902662e-01
-2.063265128247097069e-01
-4.233882053293478998e-01
-1.333361034508817156e+00
2.939082570657043370e+00
-9.896486571550240363e-01
-1.564634740853410033e+00
-1.885765402569450355e-02
4.982954620993212957e-01
-5.339949898549234408e-01
1.175988222451698872e+00
1.844941377481677858e+00
-1.309328102618527945e+00
-8.891431240027786176e-01
4.089873720227624188e-01
-5.918275132427026630e-01
-8.721240265888228205e-01
1.174912899972593738e+00
-6.177162622608232123e-01
-8.133171026358492206e-01
-8.085527645939771801e-02
-7.434046190056553538e-02
3.748190727592399796e-01
4.969337317190131720e-01
1.535139053164742418e+00
-1.198068166939635582e+00
9.351558741627007398e-01
-7.065928238681590257e-01
5.353501621897593932e-01
-7.835807766867258772e-01
-8.651714257296387878e-01
-6.952466898839511078e-01
-8.150421046976185080e-01
9.123770294506470258e-01
-3.624272081026402859e-02
7.523956713375812289e-01
4.127697501743410324e-02
-1.709318936365253616e-01
9.223454824077278458e-01
-2.220762951655544382e-02
7.613106426333617893e-01
4.662334946986193551e-01
-7.363404852318278238e-02
-1.179497414854129733e+00
-1.032277096158179752e+00
-1.539565654914342385e+00
9.264831630995851164e-02
1.608997780591129079e+00
-1.055360787019099300e+00
1.669543487740567489e+00
2.703068824775449741e-01
-2.739641808501515063e-01
1.909776366126397562e+00
1.095431343972135041e+00
-1.441581877570535575e+00
7.738345221987641409e-02
-1.110531479612305361e+00
-1.462021504912426995e+00
-1.389261576187073910e+00
4.282803253703801882e-01
-6.498319070748881376e-01
3.733070527060705635e-02
7.008161880461274418e-01
-5.923000385033327930e-02
-6.714429837531052936e-01
-3.299432249583542642e-01
4.634791692020504006e-01
9.570503052420265000e-01
8.337258715213905491e-01
2.896221423844577147e-01
9.585454539462119339e-01
2.405878797151351223e-01
3.154258746068021035e-01
9.420031610495491758e-01
-5.951711945392241798e-01
-1.816336662439820837e-01
-1.639984440596042425e+00
-1.771220087935760912e-01
-8.705177089361648690e-01
-1.069506854553978981e+00
-6.006201872405636522e-01
3.083535930233343714e-01
3.708765197726463514e-01
6.515774183461702229e-01
1.261301342294860461e+00
-1.443867262692255293e+00
2.328401766278415108e-01
1.060142450916188528e+00
-1.238960399049929828e-01
-1.933384365874246391e-01
1.918889564344994803e+00
-1.666157912688854381e+00
-4.620451251949297955e-02
2.904092413279502072e+00
8.391405786907901732e-01
-1.197997533867420916e+00
4.368480419854048336e-02
-2.083769536964082292e+00
-2.031362831777586919e+00
9.800621522294165056e-01
-1.822503550087473112e-02
3.247240902787090766e-01
2.439952699700754790e-01
4.311039540535291925e-01
4.929425730825349183e-01
3.383043132809177012e-02
3.454967925055472677e-01
-1.367284929381330505e-01
-1.162038266790669683e+00
8.375575740771593614e-01
-1.574693275436656714e+00
1.195364458807309127e+00
1.064300902528702242e+00
1.660071374769895192e+00
2.486278395209226555e-01
2.523707137760318742e-01
1.558356655056125084e-01
-1.863526249464174889e+00
-1.042856924660974682e+00
-1.507394908627876173e+00
3.326538472323417039e-01
6.891372344291919472e-01
6.580536874929621138e-02
1.440223101610138778e+00
6.030020920506833360e-01
-6.569163209492202560e-01
7.893598784988808958e-02
-1.768940374359873891e-01
4.054027139803700885e-02
-8.898811874608719696e-01
-4.522064743640984430e-01
2.961128421504896080e-01
-1.153136642607866413e+00
-1.024697600308511980e+00
1.033671606530093046e+00
8.765302114475181927e-02
-8.991046874405528300e-02
7.345037344395108914e-01
1.975559943327903634e-01
-3.288403373416678432e-01
-1.074981859366005654e+00
1.619982639437026695e+00
-9.052436855694714346e-01
-1.671560591137513097e-01
4.699101646123149401e-02
-2.299464193043075921e-01
5.313803476887424271e-03
1.444097748046589968e-01
1.137133614382294766e+00
1.302885131201505509e-01
2.012131789693532846e-01
-6.440915989239182071e-03
1.184007625050240042e+00
2.396294540623321589e-01
-1.700679573964012370e-01
1.284682008340831127e-01
-2.891366942978801369e+00
-3.138559727145939782e-01
5.245116667334442928e-01
-8.198161198061870714e-01
-3.647011234618625641e-01
1.427159722215310289e+00
-1.737279423757961405e-01
5.485272099899527465e-01
2.357348139525500041e+00
2.701210038721513218e-01
-1.337022818143450920e+00
6.893295110617627675e-01
-4.802867732803831613e-01
-3.017265519018028641e-01
6.434276768614679565e-01
-3.057167563932471355e-01
-2.237589149538149691e+00
-6.049756809385010703e-01
2.166430700166466772e-01
-2.638196432609254960e-02
1.230555655383686720e+00
3.837266976977242727e-01
1.268108607854765868e+00
3.180522992361027868e-01
2.556305054535809584e-01
7.846793895029257060e-01
-1.399253565661599641e+00
-3.375903513000821921e-01
-4.822857559953188100e-01
4.274441187372197692e-01
-5.074158406831338342e-01
1.227832059199745363e+00
-5.132701967691278844e-01
-9.274324960769724235e-01
1.744448815269329656e-01
-6.891982490114592075e-01
4.703618258748963887e-01
2.956827229803140611e-01
8.597696148707397734e-01
-4.652687768088604736e-01
1.161248763810271700e-01
-1.528986963595755921e-01
-9.236457949656351474e-01
2.049656466189475612e+00
6.750732695922678772e-02
-9.676268596340575900e-01
2.649148267395659562e-01
-2.835518065598290893e-01
6.948628572951903726e-02
8.256785307149577813e-01
6.031585942959476476e-01
-2.309675725490572429e+00
3.679663680304628426e-01
-7.540473287494315890e-01
2.818778302386402146e-01
4.507019687808383468e-01
7.194731740065283265e-01
6.121135858908988148e-02
-3.682962587606052329e-01
4.768097655072245922e-01
1.129709553861819593e+00
5.715015459752800231e-01
8.386247946366284234e-01
-3.078895511620726166e-01
-1.398470953632538594e+00
-5.252175643731680221e-01
-1.813177655372102404e+00
-2.386552853327853496e-01
-1.000796349870457236e-01
1.519434177082208404e-01
-1.249937216303503629e+00
4.228514578367541521e-01
6.039655365255680586e-02
-1.955247280045462888e-01
1.337600089534035419e+00
6.691138719609459606e-01
3.101500904193747465e-01
-3.339667941891048542e-01
1.416428114814599626e-01
-8.039655381242662990e-01
-6.229023483573757625e-02
1.494854569340408612e-01
1.336124623117404431e+00
-9.155811480915421186e-02
3.861948114312041547e-02
2.226220660715704236e-01
1.324333000396894944e+00
3.054163112004382730e-01
-1.213641733789835087e+00
1.127797446411908266e+00
-2.308419127489198086e+00
-2.464600172479787243e+00
-8.319611866730116656e-01
-5.119135898594051604e-01
-6.345760880510009638e-01
-2.131992877190359570e-01
1.107204727456978288e+00
-7.974762840229415728e-01
1.705321219957529055e-01
1.789565647703162288e+00
1.614453448045890749e+00
6.730250249185207867e-01
4.603418668278790316e-01
-3.124785667111351639e-02
-5.123649108689777298e-01
1.285769172504474867e+00
-9.925300122630911215e-01
-2.884142693637227195e-01
-6.938486443116287372e-01
-1.008943073531981760e+00
-7.825138845351311545e-01
6.470140802930608448e-01
-2.955005594175599826e-01
9.521891696715567566e-01
5.742912926626088099e-01
4.933724178992354159e-01
1.211628586161608290e+00
7.737758879799790934e-01
-9.984244569711342443e-02
-1.168429304246219047e+00
-7.676109994590019081e-02
-2.577604970109999449e+00
-9.804038966513661801e-02
-5.011262122303880018e-01
-6.666583275995431324e-01
1.268430108113169918e+00
1.350579849005640209e+00
1.201018438729933413e+00
4.033564909289351630e-01
9.168960251283791996e-02
4.656547962095816673e-01
-3.175490278291924540e+00
-1.723836189608242142e+00
2.042943464407498966e-01
-1.222634084911922159e+00
7.649276918033452999e-01
2.587062829287967602e+00
3.534831904399378666e-01
-1.038747074997791175e+00
-8.197646403992264741e-02
-6.729794290905716236e-01
-2.743127489056469415e+00
1.363662802298012400e-01
8.249282084525313419e-01
6.948826998140138489e-01
5.738707330752965685e-01
1.627535358693009693e+00
1.458101097552353398e+00
-2.869302728244481626e-01
-2.260220915824985299e-01
1.919750384678498012e-01
-3.317710960333034809e+00
-7.056132934613650320e-01
-5.219268867523738642e-01
-4.137677566777702154e-01
2.041290804855260266e+00
7.620688988981632050e-01
1.693334887982657744e+00
3.946426616659676201e-01
2.095895814827732906e-01
-1.158625638391560964e+00
2.484604127397410656e-02
-1.005635033012354018e+00
-9.973720126507118477e-01
-5.900046602927320194e-01
-3.699517615910117851e-01
-3.063456527560157738e-01
1.061802098101171987e+00
-6.045208094112902719e-01
-8.209257760904078438e-01
1.112805995539550175e+00
6.301863720652447487e-01
1.435860046161796522e+00
6.966181700226448115e-01
-3.244359317465306258e-02
-1.095264899199405617e+00
-2.728921253491548571e-01
-1.861337979493456751e-01
-1.533216769311494199e+00
-2.457921391444800596e-01
-9.326388809407570868e-01
-1.936952041696192062e+00
-1.553979113030813819e+00
1.487354825764793498e+00
1.557625874477438499e-01
1.500454180149464745e-01
2.242388729141815418e+00
1.766853394951423128e-01
1.129109008549959103e+00
1.960005796017758595e-01
1.435998822876907610e+00
1.336771190390881325e-01
-6.509353285289091184e-01
-3.651004840384381445e-01
-2.961899894046605697e-01
-2.840056049800552818e-01
-8.360894429532395034e-02
1.327385979190755849e+00
7.518409268474195439e-01
-5.763736822967205908e-01
-9.073986363930671706e-01
8.018680077597883926e-01
-1.586489691645928790e+00
-2.318471878244898754e-01
-1.819342306901056139e-01
-5.584182500636565294e-01
-9.853096458659356127e-01
-7.592294978399478644e-01
-2.450662285470981694e-01
-3.192393993499088589e-01
1.530023486272449773e+00
8.710499502110520265e-01
1.024257351647539060e+00
-1.669346796922643872e-02
2.827463112810023049e-01
-1.702616288063062977e-01
9.614545850827035389e-01
1.024475113376140389e-01
-3.529502078686070909e-01
-1.290081044336713667e+00
1.754573703279067587e-01
-2.115648338104922033e+00
3.551824229527098531e-01
1.816618489640343670e+00
-8.480346187297489458e-01
1.119828545707795553e-01
-4.729628091281939950e-01
-8.005971876203110682e-01
1.582837397765122223e-01
1.597942035193299137e+00
-2.531129085690206892e-01
-6.249129936816624209e-01
3.365375574142422943e-01
-9.170977179778319055e-01
5.630436576825594841e-01
2.073912215281046301e-01
1.605655944347177400e-01
-1.554869199731976626e-01
-6.312089239584405265e-01
1.181388343399735197e-01
-8.875284406709846863e-01
1.236719831656437396e+00
-9.051475423008519261e-01
1.628714811793843253e-01
7.771767822505326606e-03
-4.952147566677884694e-01
-2.213677792979951153e-02
2.493472369674038513e-01
1.173111467033240984e+00
1.403838967645772984e-01
2.033198153153943089e-01
-7.339210532072315551e-03
1.188544949189251909e+00
2.396294540623321589e-01
-1.700679573964012370e-01
1.284682008340831127e-01
-2.744710163460627683e+00
-8.612432880541890379e-01
7.163283307798506971e-02
-1.111614603225059006e-01
-5.764403988105302190e-01
1.696700414225733589e+00
1.007747708002308951e+00
1.446773116834651374e+00
4.820672849739139343e-01
1.576228945775630219e+00
-1.730659464214656218e+00
-2.214456299443315679e+00
1.411357065560085999e-01
-7.159999184200600553e-01
-5.411700157255023846e-01
-1.135818714721478218e-01
4.775369160583664008e-01
-1.161309661188498543e+00
1.449616716898088464e+00
1.490736002510140379e+00
4.990513404865216107e-01
8.975990494281187448e-01
-1.519016753040227652e-01
-2.127876963712801717e-01
-2.622042236501511692e-01
6.187785069711143615e-01
-1.210901327417157169e+00
-5.822496063310851344e-01
-5.796136733520915740e-01
1.019641918968689220e-01
-3.626158068494165221e-01
-2.966091693730169010e-01
1.018078138768733210e+00
-5.243121298864610313e-01
-3.665174885677588423e-01
1.796202575175479543e+00
-1.317175338952317976e+00
1.384034397727301524e+00
-2.408912790241017898e-01
-3.441360301350743223e-01
-2.262051600809086294e-01
-4.367025589137543684e-01
5.932530730490014337e-01
1.072124133961370074e+00
-1.424980079802053323e+00
1.385869368436201121e+00
-4.524046175795618518e-01
-1.269030164899394242e+00
1.056496426530760813e+00
-3.023328721395256435e-01
1.457712811226858918e-01
-1.772366813715391398e-01
-1.308162202701839139e+00
-8.019310447107463879e-02
-1.565398102739226971e+00
9.109054167104529975e-01
5.905526462304109270e-01
-8.931146561939221629e-01
1.052974602441097085e+00
7.406830016621095414e-01
4.535858770675104679e-01
5.918529551514633003e-01
1.333014596953533637e+00
-1.162572394766590023e+00
-3.773409469045881925e-01
-3.322415531796302224e-02
-9.093045616798689501e-01
3.918415257156449560e-01
-5.035147215022953704e-01
-8.238943648072694081e-01
-1.805042206354340095e+00
1.300089253492902053e+00
-2.686441636461997517e-01
1.059249747773290951e-01
2.522612283457539295e-01
-3.918432719008083653e-01
4.872614243265580014e-01
-7.465022064606933183e-01
2.116800064850863805e+00
2.042040642008335904e-02
5.212408643817389997e-01
1.194767359425425113e+00
-1.746463375211799729e-01
-6.999492045429388520e-01
-1.846441479702666810e-01
-2.157520247343378550e-01
-1.117700337761708518e+00
1.276589678793299543e-02
6.421627260378957036e-01
-6.998803658642789305e-01
6.745476138247629150e-01
-5.489179771155556775e-01
-5.842000208840687492e-01
1.696484257158683340e+00
5.355536023900567821e-01
7.952831717693766844e-01
9.500217139164668367e-01
5.414099897988533527e-02
-1.670231848207363479e+00
-1.842665739504650402e+00
7.720230135303429719e-03
-1.000141181990117811e+00
-6.364720599607530671e-01
6.830687534983046483e-01
-1.603402086793896952e-01
1.928931061348399534e-01
3.255084006112433648e-01
2.586265713510088382e+00
-7.019431632979149516e-01
4.354857503764024695e-01
-3.698517579540874234e-01
-1.108258322062208867e+00
-1.338154115923628984e+00
-7.569229277508844334e-01
1.445917987029048390e+00
1.479990316203398049e+00
1.547239248337666240e+00
1.587944020635771558e+00
8.150311926838951226e-01
-9.617222319730490687e-01
1.010086360785923176e+00
4.593490967745522124e-01
-1.013672079983891861e+00
-1.543651904946351738e+00
-7.942717114020606539e-01
-3.696807395344283709e+00
5.812474536286278415e-01
1.258552635358194394e+00
-2.414904334709257749e-01
3.036354877193303548e-01
1.516195178563356727e+00
-8.450735050634923251e-01
-7.896931266076903100e-01
6.682857140315143774e-01
-6.863250072368412003e-01
-4.962802022245335065e-01
3.446009492053700995e-01
3.408875941809400012e-01
1.152992764120070346e+00
1.121432980233111776e+00
-4.403417246705513266e-01
1.317835081457297886e+00
1.065241545505008602e+00
-8.336881350743072794e-01
-7.417407700908665857e-01
-3.558975563124825436e-01
-1.448302915236983512e+00
-9.903354363754847123e-01
8.731182936474710665e-01
6.136505448485728431e-01
3.961862724983474804e-01
1.946331386243461692e-01
1.391954832052821889e+00
2.691577444991241075e-01
-6.106232359222492079e-01
-1.603997990920476846e-01
7.444259885082777917e-01
-4.921305690255929899e-01
-7.344344955412613896e-01
1.278509564221777417e+00
-7.279569436438093621e-02
-7.830991951028960507e-01
-1.080988281428886255e+00
-7.283589029940851223e-02
-7.083567013231171217e-01
-1.903057126379937181e+00
1.990931251556030013e+00
6.764782481228732713e-01
1.563770344298124559e+00
1.278123804031441324e+00
1.709800894131467075e+00
-1.007548713866415868e+00
-2.042332706756823768e+00
1.536232011402318132e-01
-1.700140009973861055e+00
-1.297185532936336871e+00
-4.273093663108850082e-01
1.355234041142338031e+00
5.384505171238822552e-01
-2.461201715663653977e-01
1.307657274875819287e+00
-7.001789991453919448e-01
-5.186399375154931990e-01
6.913441580844448264e-02
5.857411279440700724e-01
6.544418667649387622e-02
1.451466904162034277e-01
1.105462131412837667e+00
8.791410777098020990e-01
-1.400998661848131821e+00
-2.141486672456908380e+00
1.011362305664721961e-01
-9.268843047170687299e-01
-9.279905190788464431e-01
1.359090747995856496e+00
1.303473691275760515e+00
-2.508990155216885842e-01
1.334351677040631401e+00
1.001841423295123823e+00
-6.590644968873365928e-01
1.421726268853147068e-01
-9.701841229713692449e-01
-8.296745885237730711e-01
1.691531308573759329e-01
-2.689918949156806516e-01
-8.724317079518002505e-01
1.829294743884114061e+00
-5.883781323147776465e-01
-1.664911299015739976e-01
1.057549230757993008e+00
6.121891456100544415e-01
-3.289825848065213165e+00
-4.459991544708826749e-01
-5.413000067806855720e-02
-5.522726987302910562e-01
7.487662438438664747e-01
8.878720571025259245e-01
4.692423422911292663e-01
1.077374947152641038e+00
2.099340634717341114e+00
1.979085869854324997e+00
1.161663693951474396e+00
-3.754999687529718688e-01
-7.321383589052665730e-01
-2.243579993108065551e+00
-8.662127495410462119e-01
-5.648629987014204268e-01
8.520136672533635824e-01
-7.892269134738973957e-01
1.506804996645081385e+00
2.010186396698374622e-01
-8.169599354669700997e-01
3.717481806073801853e-01
1.282751685144218334e-01
-4.228034460082930046e-02
-1.522232697747970320e+00
-2.402406391241440620e-01
-1.297952567605006768e+00
-2.103405498128276374e+00
9.751082728644999698e-01
1.857230481584204007e+00
1.101502834480587500e+00
8.969341226722782334e-01
1.413493939871460103e+00
-4.559942643237361315e-01
-9.087378383730666531e-01
1.119339466992780974e+00
-6.888571044624091089e-01
1.101024227104727693e-01
-7.095675056129169267e-02
-1.057117943693703488e+00
2.226919385746972679e-02
-1.928484636981664391e-02
-3.542061410600632065e-01
7.759158048636579652e-01
4.835806426126013635e-01
6.030852770394308227e-01
-6.540328709455568434e-01
1.381467859993221969e+00
2.938622079742679860e-01
-4.366291872422697340e-01
1.132049451591738420e-01
-4.943512984716113001e-01
5.531852981078793086e-01
-1.697111647829681269e+00
8.229922934516187283e-01
-1.497002987614345138e+00
-1.084017495741271819e+00
1.178287461974980577e+00
-1.918968332511938879e-02
-3.208112516540420067e-01
-4.266249571112205041e-01
2.963227104301939807e-01
-1.209465270902543299e+00
1.476685161913530386e+00
1.585357060217731817e+00
7.261475120979294928e-01
9.995522748360767817e-01
-2.263562595049263826e-01
-3.144369396816987239e-01
-2.855515900172592159e-01
6.074312244102518799e-01
-1.213484225923710191e+00
-5.852988679503035030e-01
-5.823437664388469992e-01
1.019641918968689220e-01
-3.626158068494165221e-01
-2.966091693730169010e-01
